*PTVAL
1.00e-6 100. 250. 400. 600. 800. 1000. 1250. 1500. 1750. 2000. 2333. 2666. 3000. 3500. 4000.
1.00e-3 100. 250. 400. 600. 800. 1000. 1250. 1500. 1750. 2000. 2333. 2666. 3000. 3500. 4000.
1.00e-1 100. 250. 400. 600. 800. 1000. 1250. 1500. 1750. 2000. 2333. 2666. 3000. 3500. 4000.
1.00e0 100. 250. 400. 600. 800. 1000. 1250. 1500. 1750. 2000. 2333. 2666. 3000. 3500. 4000.
1.00e+1 100. 250. 400. 600. 800. 1000. 1250. 1500. 1750. 2000. 2333. 2666. 3000. 3500. 4000.
5.00e+1 100. 250. 400. 600. 800. 1000. 1250. 1500. 1750. 2000. 2333. 2666. 3000. 3500. 4000.
1.00e+2 100. 250. 400. 600. 800. 1000. 1250. 1500. 1750. 2000. 2333. 2666. 3000. 3500. 4000.
5.00e+2 100. 250. 400. 600. 800. 1000. 1250. 1500. 1750. 2000. 2333. 2666. 3000. 3500. 4000.
1.00e+3 100. 250. 400. 600. 800. 1000. 1250. 1500. 1750. 2000. 2333. 2666. 3000. 3500. 4000.
5.00e+3 100. 250. 400. 600. 800. 1000. 1250. 1500. 1750. 2000. 2333. 2666. 3000. 3500. 4000.
1.00e+4 100. 250. 400. 600. 800. 1000. 1250. 1500. 1750. 2000. 2333. 2666. 3000. 3500. 4000.
5.00e+4 100. 250. 400. 600. 800. 1000. 1250. 1500. 1750. 2000. 2333. 2666. 3000. 3500. 4000.
1.00e+5 100. 250. 400. 600. 800. 1000. 1250. 1500. 1750. 2000. 2333. 2666. 3000. 3500. 4000.
5.00e+5 100. 250. 400. 600. 800. 1000. 1250. 1500. 1750. 2000. 2333. 2666. 3000. 3500. 4000.
1.00e+6 100. 250. 400. 600. 800. 1000. 1250. 1500. 1750. 2000. 2333. 2666. 3000. 3500. 4000.
5.00e+6 100. 250. 400. 600. 800. 1000. 1250. 1500. 1750. 2000. 2333. 2666. 3000. 3500. 4000.
1.00e+7 100. 250. 400. 600. 800. 1000. 1250. 1500. 1750. 2000. 2333. 2666. 3000. 3500. 4000.
5.00e+7 100. 250. 400. 600. 800. 1000. 1250. 1500. 1750. 2000. 2333. 2666. 3000. 3500. 4000.
1.00e+8 100. 250. 400. 600. 800. 1000. 1250. 1500. 1750. 2000. 2333. 2666. 3000. 3500. 4000.
5.00e+8 100. 250. 400. 600. 800. 1000. 1250. 1500. 1750. 2000. 2333. 2666. 3000. 3500. 4000.
1.00e+9 100. 250. 400. 600. 800. 1000. 1250. 1500. 1750. 2000. 2333. 2666. 3000. 3500. 4000.
*END

