*BLOCK: TYPE =    0: SUBTYPE =    0: VERSION =    2
Summary of spectral data.
Number of spectral bands =   300
Total number of gaseous absorbers =     1
Total number of generalised continua =     1
Maximum number of continuum k-terms in a band =     1
List of indexing numbers and absorbers.
Index       Absorber(identifier and name)
    1          23       Hydrogen            
Listing of continuum indexing numbers and gases.
Index     Gas 1(index and name)              Gas 2(index and name)
    1         1     Hydrogen                     1     Hydrogen            
*END
*BLOCK: TYPE =    1: SUBTYPE =    0: VERSION =    0
Specification of spectral intervals
Limits of spectral intervals (wavelengths in m.)
Band        Lower limit         Upper limit
    1        5.000000000E-04     1.000000000E-02
    2        2.500000000E-04     5.000000000E-04
    3        1.666666667E-04     2.500000000E-04
    4        1.250000000E-04     1.666666667E-04
    5        1.000000000E-04     1.250000000E-04
    6        8.333333333E-05     1.000000000E-04
    7        7.142857143E-05     8.333333333E-05
    8        6.250000000E-05     7.142857143E-05
    9        5.555555556E-05     6.250000000E-05
   10        5.000000000E-05     5.555555556E-05
   11        4.545454545E-05     5.000000000E-05
   12        4.166666667E-05     4.545454545E-05
   13        3.846153846E-05     4.166666667E-05
   14        3.571428571E-05     3.846153846E-05
   15        3.333333333E-05     3.571428571E-05
   16        3.125000000E-05     3.333333333E-05
   17        2.941176471E-05     3.125000000E-05
   18        2.777777778E-05     2.941176471E-05
   19        2.631578947E-05     2.777777778E-05
   20        2.500000000E-05     2.631578947E-05
   21        2.380952381E-05     2.500000000E-05
   22        2.272727273E-05     2.380952381E-05
   23        2.173913043E-05     2.272727273E-05
   24        2.083333333E-05     2.173913043E-05
   25        2.000000000E-05     2.083333333E-05
   26        1.923076923E-05     2.000000000E-05
   27        1.851851852E-05     1.923076923E-05
   28        1.785714286E-05     1.851851852E-05
   29        1.724137931E-05     1.785714286E-05
   30        1.666666667E-05     1.724137931E-05
   31        1.612903226E-05     1.666666667E-05
   32        1.562500000E-05     1.612903226E-05
   33        1.515151515E-05     1.562500000E-05
   34        1.470588235E-05     1.515151515E-05
   35        1.428571429E-05     1.470588235E-05
   36        1.388888889E-05     1.428571429E-05
   37        1.351351351E-05     1.388888889E-05
   38        1.315789474E-05     1.351351351E-05
   39        1.282051282E-05     1.315789474E-05
   40        1.250000000E-05     1.282051282E-05
   41        1.219512195E-05     1.250000000E-05
   42        1.190476190E-05     1.219512195E-05
   43        1.162790698E-05     1.190476190E-05
   44        1.136363636E-05     1.162790698E-05
   45        1.111111111E-05     1.136363636E-05
   46        1.086956522E-05     1.111111111E-05
   47        1.063829787E-05     1.086956522E-05
   48        1.041666667E-05     1.063829787E-05
   49        1.020408163E-05     1.041666667E-05
   50        1.000000000E-05     1.020408163E-05
   51        9.803921569E-06     1.000000000E-05
   52        9.615384615E-06     9.803921569E-06
   53        9.433962264E-06     9.615384615E-06
   54        9.259259259E-06     9.433962264E-06
   55        9.090909091E-06     9.259259259E-06
   56        8.928571429E-06     9.090909091E-06
   57        8.771929825E-06     8.928571429E-06
   58        8.620689655E-06     8.771929825E-06
   59        8.474576271E-06     8.620689655E-06
   60        8.333333333E-06     8.474576271E-06
   61        8.196721311E-06     8.333333333E-06
   62        8.064516129E-06     8.196721311E-06
   63        7.936507937E-06     8.064516129E-06
   64        7.812500000E-06     7.936507937E-06
   65        7.692307692E-06     7.812500000E-06
   66        7.575757576E-06     7.692307692E-06
   67        7.462686567E-06     7.575757576E-06
   68        7.352941176E-06     7.462686567E-06
   69        7.246376812E-06     7.352941176E-06
   70        7.142857143E-06     7.246376812E-06
   71        7.042253521E-06     7.142857143E-06
   72        6.944444444E-06     7.042253521E-06
   73        6.849315068E-06     6.944444444E-06
   74        6.756756757E-06     6.849315068E-06
   75        6.666666667E-06     6.756756757E-06
   76        6.578947368E-06     6.666666667E-06
   77        6.493506494E-06     6.578947368E-06
   78        6.410256410E-06     6.493506494E-06
   79        6.329113924E-06     6.410256410E-06
   80        6.250000000E-06     6.329113924E-06
   81        6.172839506E-06     6.250000000E-06
   82        6.097560976E-06     6.172839506E-06
   83        6.024096386E-06     6.097560976E-06
   84        5.952380952E-06     6.024096386E-06
   85        5.882352941E-06     5.952380952E-06
   86        5.813953488E-06     5.882352941E-06
   87        5.747126437E-06     5.813953488E-06
   88        5.681818182E-06     5.747126437E-06
   89        5.617977528E-06     5.681818182E-06
   90        5.555555556E-06     5.617977528E-06
   91        5.494505495E-06     5.555555556E-06
   92        5.434782609E-06     5.494505495E-06
   93        5.376344086E-06     5.434782609E-06
   94        5.319148936E-06     5.376344086E-06
   95        5.263157895E-06     5.319148936E-06
   96        5.208333333E-06     5.263157895E-06
   97        5.154639175E-06     5.208333333E-06
   98        5.102040816E-06     5.154639175E-06
   99        5.050505051E-06     5.102040816E-06
  100        5.000000000E-06     5.050505051E-06
  101        4.950495050E-06     5.000000000E-06
  102        4.901960784E-06     4.950495050E-06
  103        4.854368932E-06     4.901960784E-06
  104        4.807692308E-06     4.854368932E-06
  105        4.761904762E-06     4.807692308E-06
  106        4.716981132E-06     4.761904762E-06
  107        4.672897196E-06     4.716981132E-06
  108        4.629629630E-06     4.672897196E-06
  109        4.587155963E-06     4.629629630E-06
  110        4.545454545E-06     4.587155963E-06
  111        4.504504505E-06     4.545454545E-06
  112        4.464285714E-06     4.504504505E-06
  113        4.424778761E-06     4.464285714E-06
  114        4.385964912E-06     4.424778761E-06
  115        4.347826087E-06     4.385964912E-06
  116        4.310344828E-06     4.347826087E-06
  117        4.273504274E-06     4.310344828E-06
  118        4.237288136E-06     4.273504274E-06
  119        4.201680672E-06     4.237288136E-06
  120        4.166666667E-06     4.201680672E-06
  121        4.132231405E-06     4.166666667E-06
  122        4.098360656E-06     4.132231405E-06
  123        4.065040650E-06     4.098360656E-06
  124        4.032258065E-06     4.065040650E-06
  125        4.000000000E-06     4.032258065E-06
  126        3.968253968E-06     4.000000000E-06
  127        3.937007874E-06     3.968253968E-06
  128        3.906250000E-06     3.937007874E-06
  129        3.875968992E-06     3.906250000E-06
  130        3.846153846E-06     3.875968992E-06
  131        3.816793893E-06     3.846153846E-06
  132        3.787878788E-06     3.816793893E-06
  133        3.759398496E-06     3.787878788E-06
  134        3.731343284E-06     3.759398496E-06
  135        3.703703704E-06     3.731343284E-06
  136        3.676470588E-06     3.703703704E-06
  137        3.649635036E-06     3.676470588E-06
  138        3.623188406E-06     3.649635036E-06
  139        3.597122302E-06     3.623188406E-06
  140        3.571428571E-06     3.597122302E-06
  141        3.546099291E-06     3.571428571E-06
  142        3.521126761E-06     3.546099291E-06
  143        3.496503497E-06     3.521126761E-06
  144        3.472222222E-06     3.496503497E-06
  145        3.448275862E-06     3.472222222E-06
  146        3.424657534E-06     3.448275862E-06
  147        3.401360544E-06     3.424657534E-06
  148        3.378378378E-06     3.401360544E-06
  149        3.355704698E-06     3.378378378E-06
  150        3.333333333E-06     3.355704698E-06
  151        3.278688525E-06     3.333333333E-06
  152        3.225806452E-06     3.278688525E-06
  153        3.174603175E-06     3.225806452E-06
  154        3.125000000E-06     3.174603175E-06
  155        3.076923077E-06     3.125000000E-06
  156        3.030303030E-06     3.076923077E-06
  157        2.985074627E-06     3.030303030E-06
  158        2.941176471E-06     2.985074627E-06
  159        2.898550725E-06     2.941176471E-06
  160        2.857142857E-06     2.898550725E-06
  161        2.816901408E-06     2.857142857E-06
  162        2.777777778E-06     2.816901408E-06
  163        2.739726027E-06     2.777777778E-06
  164        2.702702703E-06     2.739726027E-06
  165        2.666666667E-06     2.702702703E-06
  166        2.631578947E-06     2.666666667E-06
  167        2.597402597E-06     2.631578947E-06
  168        2.564102564E-06     2.597402597E-06
  169        2.531645570E-06     2.564102564E-06
  170        2.500000000E-06     2.531645570E-06
  171        2.469135802E-06     2.500000000E-06
  172        2.439024390E-06     2.469135802E-06
  173        2.409638554E-06     2.439024390E-06
  174        2.380952381E-06     2.409638554E-06
  175        2.352941176E-06     2.380952381E-06
  176        2.325581395E-06     2.352941176E-06
  177        2.298850575E-06     2.325581395E-06
  178        2.272727273E-06     2.298850575E-06
  179        2.247191011E-06     2.272727273E-06
  180        2.222222222E-06     2.247191011E-06
  181        2.197802198E-06     2.222222222E-06
  182        2.173913043E-06     2.197802198E-06
  183        2.150537634E-06     2.173913043E-06
  184        2.127659574E-06     2.150537634E-06
  185        2.105263158E-06     2.127659574E-06
  186        2.083333333E-06     2.105263158E-06
  187        2.061855670E-06     2.083333333E-06
  188        2.040816327E-06     2.061855670E-06
  189        2.020202020E-06     2.040816327E-06
  190        2.000000000E-06     2.020202020E-06
  191        1.980198020E-06     2.000000000E-06
  192        1.960784314E-06     1.980198020E-06
  193        1.941747573E-06     1.960784314E-06
  194        1.923076923E-06     1.941747573E-06
  195        1.904761905E-06     1.923076923E-06
  196        1.886792453E-06     1.904761905E-06
  197        1.869158879E-06     1.886792453E-06
  198        1.851851852E-06     1.869158879E-06
  199        1.834862385E-06     1.851851852E-06
  200        1.818181818E-06     1.834862385E-06
  201        1.801801802E-06     1.818181818E-06
  202        1.785714286E-06     1.801801802E-06
  203        1.769911504E-06     1.785714286E-06
  204        1.754385965E-06     1.769911504E-06
  205        1.739130435E-06     1.754385965E-06
  206        1.724137931E-06     1.739130435E-06
  207        1.709401709E-06     1.724137931E-06
  208        1.694915254E-06     1.709401709E-06
  209        1.680672269E-06     1.694915254E-06
  210        1.666666667E-06     1.680672269E-06
  211        1.652892562E-06     1.666666667E-06
  212        1.639344262E-06     1.652892562E-06
  213        1.626016260E-06     1.639344262E-06
  214        1.612903226E-06     1.626016260E-06
  215        1.600000000E-06     1.612903226E-06
  216        1.587301587E-06     1.600000000E-06
  217        1.574803150E-06     1.587301587E-06
  218        1.562500000E-06     1.574803150E-06
  219        1.550387597E-06     1.562500000E-06
  220        1.538461538E-06     1.550387597E-06
  221        1.526717557E-06     1.538461538E-06
  222        1.515151515E-06     1.526717557E-06
  223        1.503759398E-06     1.515151515E-06
  224        1.492537313E-06     1.503759398E-06
  225        1.481481481E-06     1.492537313E-06
  226        1.470588235E-06     1.481481481E-06
  227        1.459854015E-06     1.470588235E-06
  228        1.449275362E-06     1.459854015E-06
  229        1.438848921E-06     1.449275362E-06
  230        1.428571429E-06     1.438848921E-06
  231        1.418439716E-06     1.428571429E-06
  232        1.408450704E-06     1.418439716E-06
  233        1.398601399E-06     1.408450704E-06
  234        1.388888889E-06     1.398601399E-06
  235        1.379310345E-06     1.388888889E-06
  236        1.369863014E-06     1.379310345E-06
  237        1.360544218E-06     1.369863014E-06
  238        1.351351351E-06     1.360544218E-06
  239        1.342281879E-06     1.351351351E-06
  240        1.333333333E-06     1.342281879E-06
  241        1.324503311E-06     1.333333333E-06
  242        1.315789474E-06     1.324503311E-06
  243        1.307189542E-06     1.315789474E-06
  244        1.298701299E-06     1.307189542E-06
  245        1.290322581E-06     1.298701299E-06
  246        1.282051282E-06     1.290322581E-06
  247        1.273885350E-06     1.282051282E-06
  248        1.265822785E-06     1.273885350E-06
  249        1.257861635E-06     1.265822785E-06
  250        1.250000000E-06     1.257861635E-06
  251        1.242236025E-06     1.250000000E-06
  252        1.234567901E-06     1.242236025E-06
  253        1.226993865E-06     1.234567901E-06
  254        1.219512195E-06     1.226993865E-06
  255        1.212121212E-06     1.219512195E-06
  256        1.204819277E-06     1.212121212E-06
  257        1.197604790E-06     1.204819277E-06
  258        1.190476190E-06     1.197604790E-06
  259        1.183431953E-06     1.190476190E-06
  260        1.176470588E-06     1.183431953E-06
  261        1.169590643E-06     1.176470588E-06
  262        1.162790698E-06     1.169590643E-06
  263        1.156069364E-06     1.162790698E-06
  264        1.149425287E-06     1.156069364E-06
  265        1.142857143E-06     1.149425287E-06
  266        1.136363636E-06     1.142857143E-06
  267        1.129943503E-06     1.136363636E-06
  268        1.123595506E-06     1.129943503E-06
  269        1.117318436E-06     1.123595506E-06
  270        1.111111111E-06     1.117318436E-06
  271        1.052631579E-06     1.111111111E-06
  272        1.000000000E-06     1.052631579E-06
  273        9.523809524E-07     1.000000000E-06
  274        9.090909091E-07     9.523809524E-07
  275        8.695652174E-07     9.090909091E-07
  276        8.333333333E-07     8.695652174E-07
  277        8.000000000E-07     8.333333333E-07
  278        7.692307692E-07     8.000000000E-07
  279        7.407407407E-07     7.692307692E-07
  280        7.142857143E-07     7.407407407E-07
  281        6.896551724E-07     7.142857143E-07
  282        6.666666667E-07     6.896551724E-07
  283        6.451612903E-07     6.666666667E-07
  284        6.250000000E-07     6.451612903E-07
  285        6.060606061E-07     6.250000000E-07
  286        5.882352941E-07     6.060606061E-07
  287        5.714285714E-07     5.882352941E-07
  288        5.555555556E-07     5.714285714E-07
  289        5.405405405E-07     5.555555556E-07
  290        5.263157895E-07     5.405405405E-07
  291        5.128205128E-07     5.263157895E-07
  292        5.000000000E-07     5.128205128E-07
  293        4.878048780E-07     5.000000000E-07
  294        4.761904762E-07     4.878048780E-07
  295        4.651162791E-07     4.761904762E-07
  296        4.545454545E-07     4.651162791E-07
  297        4.444444444E-07     4.545454545E-07
  298        4.347826087E-07     4.444444444E-07
  299        4.255319149E-07     4.347826087E-07
  300        4.166666667E-07     4.255319149E-07
*END
*BLOCK: TYPE =    2: SUBTYPE =    0: VERSION =    0
Normalized solar flux in each spectral interval.
Band        Normalized flux
    1        2.013274194E-09
    2        1.409291936E-08
    3        7.243863933E-08
    4        1.939279760E-07
    5        3.113420385E-07
    6        4.580005954E-07
    7        6.338800922E-07
    8        8.394569993E-07
    9        1.074585732E-06
   10        1.339284393E-06
   11        1.634307215E-06
   12        1.959613531E-06
   13        2.313906969E-06
   14        2.697734027E-06
   15        3.110257189E-06
   16        3.551767144E-06
   17        4.022156518E-06
   18        4.521131335E-06
   19        5.048366498E-06
   20        5.604479435E-06
   21        6.188958938E-06
   22        6.801771684E-06
   23        7.442989050E-06
   24        8.112063333E-06
   25        8.809651982E-06
   26        9.538962102E-06
   27        1.029255885E-05
   28        1.107525300E-05
   29        1.188452874E-05
   30        1.272155765E-05
   31        1.358546240E-05
   32        1.447878582E-05
   33        1.539939091E-05
   34        1.633929061E-05
   35        1.731888873E-05
   36        1.831560442E-05
   37        1.934217706E-05
   38        2.039569143E-05
   39        2.147434507E-05
   40        2.258431090E-05
   41        2.370957154E-05
   42        2.487962481E-05
   43        2.605696398E-05
   44        2.727254155E-05
   45        2.850267301E-05
   46        2.977214884E-05
   47        3.105910528E-05
   48        3.237080482E-05
   49        3.371530000E-05
   50        3.507580630E-05
   51        3.644287741E-05
   52        3.785218534E-05
   53        3.929390529E-05
   54        4.076585116E-05
   55        4.223924729E-05
   56        4.374797441E-05
   57        4.528510770E-05
   58        4.686302158E-05
   59        4.845987443E-05
   60        5.005745173E-05
   61        5.171184069E-05
   62        5.334438448E-05
   63        5.505485724E-05
   64        5.678207625E-05
   65        5.849618680E-05
   66        6.026019352E-05
   67        6.194844290E-05
   68        6.375943640E-05
   69        6.563085311E-05
   70        6.749464561E-05
   71        6.936316158E-05
   72        7.122439310E-05
   73        7.315554857E-05
   74        7.505428625E-05
   75        7.702769405E-05
   76        7.903531529E-05
   77        8.101162439E-05
   78        8.291546146E-05
   79        8.498717956E-05
   80        8.693763494E-05
   81        8.892121676E-05
   82        9.099477310E-05
   83        9.303588940E-05
   84        9.502057847E-05
   85        9.687672689E-05
   86        9.914035362E-05
   87        1.012401379E-04
   88        1.032856232E-04
   89        1.052662735E-04
   90        1.073201823E-04
   91        1.093969729E-04
   92        1.113474339E-04
   93        1.135728362E-04
   94        1.157607378E-04
   95        1.178761394E-04
   96        1.199813655E-04
   97        1.223724102E-04
   98        1.242278323E-04
   99        1.266673795E-04
  100        1.290067467E-04
  101        1.313388849E-04
  102        1.334652274E-04
  103        1.359258374E-04
  104        1.384567873E-04
  105        1.401574186E-04
  106        1.427742707E-04
  107        1.447403844E-04
  108        1.459639959E-04
  109        1.482432418E-04
  110        1.511056392E-04
  111        1.531667423E-04
  112        1.559853809E-04
  113        1.602242265E-04
  114        1.623290991E-04
  115        1.659779240E-04
  116        1.727405123E-04
  117        1.760762392E-04
  118        1.814075460E-04
  119        1.839676046E-04
  120        1.868117360E-04
  121        1.899690160E-04
  122        1.931772857E-04
  123        1.955843790E-04
  124        1.971176195E-04
  125        2.012470475E-04
  126        2.040257223E-04
  127        2.075434873E-04
  128        2.111522874E-04
  129        2.138107328E-04
  130        2.169534700E-04
  131        2.201362149E-04
  132        2.225360538E-04
  133        2.255221755E-04
  134        2.255877587E-04
  135        2.315490527E-04
  136        2.334939198E-04
  137        2.386102354E-04
  138        2.425322316E-04
  139        2.460646018E-04
  140        2.488759340E-04
  141        2.519895099E-04
  142        2.554308712E-04
  143        2.591161756E-04
  144        2.620804648E-04
  145        2.655837402E-04
  146        2.686172097E-04
  147        2.713118870E-04
  148        2.743346217E-04
  149        2.784385630E-04
  150        2.820583992E-04
  151        7.158560488E-04
  152        7.424325406E-04
  153        7.647557782E-04
  154        7.858990168E-04
  155        8.073044612E-04
  156        8.275481692E-04
  157        8.537645217E-04
  158        8.771107937E-04
  159        8.993975703E-04
  160        9.195394100E-04
  161        9.460722428E-04
  162        9.693895315E-04
  163        9.882605506E-04
  164        1.014618600E-03
  165        1.037597158E-03
  166        1.064239280E-03
  167        1.084130517E-03
  168        1.104329506E-03
  169        1.125258558E-03
  170        1.159118326E-03
  171        1.175268989E-03
  172        1.201704056E-03
  173        1.226074252E-03
  174        1.249502491E-03
  175        1.273759290E-03
  176        1.301100509E-03
  177        1.330085478E-03
  178        1.352302850E-03
  179        1.377112983E-03
  180        1.411839863E-03
  181        1.440037192E-03
  182        1.465280889E-03
  183        1.469750998E-03
  184        1.515409953E-03
  185        1.528149487E-03
  186        1.546208041E-03
  187        1.575996885E-03
  188        1.617833753E-03
  189        1.646796516E-03
  190        1.689181637E-03
  191        1.708935982E-03
  192        1.730722755E-03
  193        1.742505862E-03
  194        1.798961314E-03
  195        1.821236277E-03
  196        1.841643539E-03
  197        1.851516706E-03
  198        1.905659647E-03
  199        1.918272036E-03
  200        1.949872321E-03
  201        1.980439157E-03
  202        2.016346230E-03
  203        2.030910333E-03
  204        2.061804872E-03
  205        2.090017686E-03
  206        2.103459446E-03
  207        2.147469031E-03
  208        2.176214199E-03
  209        2.190820409E-03
  210        2.223628922E-03
  211        2.255165631E-03
  212        2.250560975E-03
  213        2.298873956E-03
  214        2.298869271E-03
  215        2.321816141E-03
  216        2.323199315E-03
  217        2.356084420E-03
  218        2.379379218E-03
  219        2.380272268E-03
  220        2.390231283E-03
  221        2.400672886E-03
  222        2.409897704E-03
  223        2.400524750E-03
  224        2.438099461E-03
  225        2.418250250E-03
  226        2.426578702E-03
  227        2.440529567E-03
  228        2.435126668E-03
  229        2.435183919E-03
  230        2.459212159E-03
  231        2.452017905E-03
  232        2.468604928E-03
  233        2.466246589E-03
  234        2.478876102E-03
  235        2.477358032E-03
  236        2.476834293E-03
  237        2.482936003E-03
  238        2.480452450E-03
  239        2.492038502E-03
  240        2.506162439E-03
  241        2.514226400E-03
  242        2.547840084E-03
  243        2.541921551E-03
  244        2.567553936E-03
  245        2.581531138E-03
  246        2.565667121E-03
  247        2.608061428E-03
  248        2.614577379E-03
  249        2.615110510E-03
  250        2.620359540E-03
  251        2.621266589E-03
  252        2.622937165E-03
  253        2.630206086E-03
  254        2.647377495E-03
  255        2.653993334E-03
  256        2.629960051E-03
  257        2.624065511E-03
  258        2.664389391E-03
  259        2.633243322E-03
  260        2.629655848E-03
  261        2.645438583E-03
  262        2.631136074E-03
  263        2.635152339E-03
  264        2.650472571E-03
  265        2.650841475E-03
  266        2.630553046E-03
  267        2.650265694E-03
  268        2.635352531E-03
  269        2.647071408E-03
  270        2.644275209E-03
  271        2.643783321E-02
  272        2.682314831E-02
  273        2.718572236E-02
  274        2.728392967E-02
  275        2.720279100E-02
  276        2.630255156E-02
  277        2.660615191E-02
  278        2.635767067E-02
  279        2.595342263E-02
  280        2.560826767E-02
  281        2.534503027E-02
  282        2.513089772E-02
  283        2.435830371E-02
  284        2.427463657E-02
  285        2.359808764E-02
  286        2.298010689E-02
  287        2.262367250E-02
  288        2.118306464E-02
  289        2.042583055E-02
  290        1.946119970E-02
  291        1.804967956E-02
  292        1.792678557E-02
  293        1.737855674E-02
  294        1.662951193E-02
  295        1.619703146E-02
  296        1.559752416E-02
  297        1.468868936E-02
  298        1.283243101E-02
  299        1.053035166E-02
  300        1.130753604E-01
*END
*BLOCK: TYPE =    4: SUBTYPE =    0: VERSION =    0
Gaseous absorbers in each interval
(The number is the indexing number of the species as set out
 in the summary block 0.)
A zero indicates that there in no gaseous absorption in the interval.
Band        Number of active absorbers followed by indexing numbers
    1           0
    2           0
    3           0
    4           0
    5           0
    6           0
    7           0
    8           0
    9           0
   10           0
   11           0
   12           0
   13           0
   14           0
   15           0
   16           0
   17           0
   18           0
   19           0
   20           0
   21           0
   22           0
   23           0
   24           0
   25           0
   26           0
   27           0
   28           0
   29           0
   30           0
   31           0
   32           0
   33           0
   34           0
   35           0
   36           0
   37           0
   38           0
   39           0
   40           0
   41           0
   42           0
   43           0
   44           0
   45           0
   46           0
   47           0
   48           0
   49           0
   50           0
   51           0
   52           0
   53           0
   54           0
   55           0
   56           0
   57           0
   58           0
   59           0
   60           0
   61           0
   62           0
   63           0
   64           0
   65           0
   66           0
   67           0
   68           0
   69           0
   70           0
   71           0
   72           0
   73           0
   74           0
   75           0
   76           0
   77           0
   78           0
   79           0
   80           0
   81           0
   82           0
   83           0
   84           0
   85           0
   86           0
   87           0
   88           0
   89           0
   90           0
   91           0
   92           0
   93           0
   94           0
   95           0
   96           0
   97           0
   98           0
   99           0
  100           0
  101           0
  102           0
  103           0
  104           0
  105           0
  106           0
  107           0
  108           0
  109           0
  110           0
  111           0
  112           0
  113           0
  114           0
  115           0
  116           0
  117           0
  118           0
  119           0
  120           0
  121           0
  122           0
  123           0
  124           0
  125           0
  126           0
  127           0
  128           0
  129           0
  130           0
  131           0
  132           0
  133           0
  134           0
  135           0
  136           0
  137           0
  138           0
  139           0
  140           0
  141           0
  142           0
  143           0
  144           0
  145           0
  146           0
  147           0
  148           0
  149           0
  150           0
  151           0
  152           0
  153           0
  154           0
  155           0
  156           0
  157           0
  158           0
  159           0
  160           0
  161           0
  162           0
  163           0
  164           0
  165           0
  166           0
  167           0
  168           0
  169           0
  170           0
  171           0
  172           0
  173           0
  174           0
  175           0
  176           0
  177           0
  178           0
  179           0
  180           0
  181           0
  182           0
  183           0
  184           0
  185           0
  186           0
  187           0
  188           0
  189           0
  190           0
  191           0
  192           0
  193           0
  194           0
  195           0
  196           0
  197           0
  198           0
  199           0
  200           0
  201           0
  202           0
  203           0
  204           0
  205           0
  206           0
  207           0
  208           0
  209           0
  210           0
  211           0
  212           0
  213           0
  214           0
  215           0
  216           0
  217           0
  218           0
  219           0
  220           0
  221           0
  222           0
  223           0
  224           0
  225           0
  226           0
  227           0
  228           0
  229           0
  230           0
  231           0
  232           0
  233           0
  234           0
  235           0
  236           0
  237           0
  238           0
  239           0
  240           0
  241           0
  242           0
  243           0
  244           0
  245           0
  246           0
  247           0
  248           0
  249           0
  250           0
  251           0
  252           0
  253           0
  254           0
  255           0
  256           0
  257           0
  258           0
  259           0
  260           0
  261           0
  262           0
  263           0
  264           0
  265           0
  266           0
  267           0
  268           0
  269           0
  270           0
  271           0
  272           0
  273           0
  274           0
  275           0
  276           0
  277           0
  278           0
  279           0
  280           0
  281           0
  282           0
  283           0
  284           0
  285           0
  286           0
  287           0
  288           0
  289           0
  290           0
  291           0
  292           0
  293           0
  294           0
  295           0
  296           0
  297           0
  298           0
  299           0
  300           0
*END
*BLOCK: TYPE =    6: SUBTYPE =    0: version =    1
Thermal source function.
Type of data: table     
Number of data points =   100: Reference temperature =  6.324555320E+02
*END
*BLOCK: TYPE =    8: SUBTYPE =    0: VERSION =    0
Continuum absorbers in each interval
(The number is the indexing number of each type as set out
 in the module rad_pcf.)
A zero indicates that there is no continuum absorption in the interval.
Band         Number of active continua followed by indexing numbers
    1           1
         1
    2           1
         1
    3           1
         1
    4           1
         1
    5           1
         1
    6           1
         1
    7           1
         1
    8           1
         1
    9           1
         1
   10           1
         1
   11           1
         1
   12           1
         1
   13           1
         1
   14           1
         1
   15           1
         1
   16           1
         1
   17           1
         1
   18           1
         1
   19           1
         1
   20           1
         1
   21           1
         1
   22           1
         1
   23           1
         1
   24           1
         1
   25           1
         1
   26           1
         1
   27           1
         1
   28           1
         1
   29           1
         1
   30           1
         1
   31           1
         1
   32           1
         1
   33           1
         1
   34           1
         1
   35           1
         1
   36           1
         1
   37           1
         1
   38           1
         1
   39           1
         1
   40           1
         1
   41           1
         1
   42           1
         1
   43           1
         1
   44           1
         1
   45           1
         1
   46           1
         1
   47           1
         1
   48           1
         1
   49           1
         1
   50           1
         1
   51           1
         1
   52           1
         1
   53           1
         1
   54           1
         1
   55           1
         1
   56           1
         1
   57           1
         1
   58           1
         1
   59           1
         1
   60           1
         1
   61           1
         1
   62           1
         1
   63           1
         1
   64           1
         1
   65           1
         1
   66           1
         1
   67           1
         1
   68           1
         1
   69           1
         1
   70           1
         1
   71           1
         1
   72           1
         1
   73           1
         1
   74           1
         1
   75           1
         1
   76           1
         1
   77           1
         1
   78           1
         1
   79           1
         1
   80           1
         1
   81           1
         1
   82           1
         1
   83           1
         1
   84           1
         1
   85           1
         1
   86           1
         1
   87           1
         1
   88           1
         1
   89           1
         1
   90           1
         1
   91           1
         1
   92           1
         1
   93           1
         1
   94           1
         1
   95           1
         1
   96           1
         1
   97           1
         1
   98           1
         1
   99           1
         1
  100           1
         1
  101           1
         1
  102           1
         1
  103           1
         1
  104           1
         1
  105           1
         1
  106           1
         1
  107           1
         1
  108           1
         1
  109           1
         1
  110           1
         1
  111           1
         1
  112           1
         1
  113           1
         1
  114           1
         1
  115           1
         1
  116           1
         1
  117           1
         1
  118           1
         1
  119           1
         1
  120           1
         1
  121           1
         1
  122           1
         1
  123           1
         1
  124           1
         1
  125           1
         1
  126           1
         1
  127           1
         1
  128           1
         1
  129           1
         1
  130           1
         1
  131           1
         1
  132           1
         1
  133           1
         1
  134           1
         1
  135           1
         1
  136           1
         1
  137           1
         1
  138           1
         1
  139           1
         1
  140           1
         1
  141           1
         1
  142           1
         1
  143           1
         1
  144           1
         1
  145           1
         1
  146           1
         1
  147           1
         1
  148           1
         1
  149           1
         1
  150           1
         1
  151           1
         1
  152           1
         1
  153           1
         1
  154           1
         1
  155           1
         1
  156           1
         1
  157           1
         1
  158           1
         1
  159           1
         1
  160           1
         1
  161           1
         1
  162           1
         1
  163           1
         1
  164           1
         1
  165           1
         1
  166           1
         1
  167           1
         1
  168           1
         1
  169           1
         1
  170           1
         1
  171           1
         1
  172           1
         1
  173           1
         1
  174           1
         1
  175           1
         1
  176           1
         1
  177           1
         1
  178           1
         1
  179           1
         1
  180           1
         1
  181           1
         1
  182           1
         1
  183           1
         1
  184           1
         1
  185           1
         1
  186           1
         1
  187           1
         1
  188           1
         1
  189           1
         1
  190           1
         1
  191           1
         1
  192           1
         1
  193           1
         1
  194           1
         1
  195           1
         1
  196           1
         1
  197           1
         1
  198           1
         1
  199           1
         1
  200           1
         1
  201           1
         1
  202           1
         1
  203           1
         1
  204           1
         1
  205           1
         1
  206           1
         1
  207           1
         1
  208           1
         1
  209           1
         1
  210           1
         1
  211           1
         1
  212           1
         1
  213           1
         1
  214           1
         1
  215           1
         1
  216           1
         1
  217           1
         1
  218           1
         1
  219           1
         1
  220           1
         1
  221           1
         1
  222           1
         1
  223           1
         1
  224           1
         1
  225           1
         1
  226           1
         1
  227           1
         1
  228           1
         1
  229           1
         1
  230           1
         1
  231           1
         1
  232           1
         1
  233           1
         1
  234           1
         1
  235           1
         1
  236           1
         1
  237           1
         1
  238           1
         1
  239           1
         1
  240           1
         1
  241           1
         1
  242           1
         1
  243           1
         1
  244           1
         1
  245           1
         1
  246           1
         1
  247           1
         1
  248           1
         1
  249           1
         1
  250           1
         1
  251           1
         1
  252           1
         1
  253           1
         1
  254           1
         1
  255           1
         1
  256           1
         1
  257           1
         1
  258           1
         1
  259           1
         1
  260           1
         1
  261           1
         1
  262           1
         1
  263           1
         1
  264           1
         1
  265           1
         1
  266           1
         1
  267           1
         1
  268           1
         1
  269           1
         1
  270           1
         1
  271           1
         1
  272           1
         1
  273           1
         1
  274           1
         1
  275           1
         1
  276           1
         1
  277           1
         1
  278           1
         1
  279           1
         1
  280           1
         1
  281           1
         1
  282           1
         1
  283           1
         1
  284           1
         1
  285           1
         1
  286           1
         1
  287           1
         1
  288           1
         1
  289           1
         1
  290           1
         1
  291           1
         1
  292           1
         1
  293           1
         1
  294           1
         1
  295           1
         1
  296           1
         1
  297           1
         1
  298           1
         1
  299           1
         1
  300           1
         1
Indexing numbers of gases for continua:
     Index of water =     0
*END
*BLOCK: TYPE =   18: SUBTYPE =    0: VERSION =    0
Generalised continua in each interval
(The number is the indexing number of the continuum as set out
 in the summary block 0.)
A zero indicates that there in no generalised continuum absorption in the interval.
Band        Number of active continua, flag for continuum being major absorber,
            followed by indexing numbers
    1           1           F
         1
    2           1           F
         1
    3           1           F
         1
    4           1           F
         1
    5           1           F
         1
    6           1           F
         1
    7           1           F
         1
    8           1           F
         1
    9           1           F
         1
   10           1           F
         1
   11           1           F
         1
   12           1           F
         1
   13           1           F
         1
   14           1           F
         1
   15           1           F
         1
   16           1           F
         1
   17           1           F
         1
   18           1           F
         1
   19           1           F
         1
   20           1           F
         1
   21           1           F
         1
   22           1           F
         1
   23           1           F
         1
   24           1           F
         1
   25           1           F
         1
   26           1           F
         1
   27           1           F
         1
   28           1           F
         1
   29           1           F
         1
   30           1           F
         1
   31           1           F
         1
   32           1           F
         1
   33           1           F
         1
   34           1           F
         1
   35           1           F
         1
   36           1           F
         1
   37           1           F
         1
   38           1           F
         1
   39           1           F
         1
   40           1           F
         1
   41           1           F
         1
   42           1           F
         1
   43           1           F
         1
   44           1           F
         1
   45           1           F
         1
   46           1           F
         1
   47           1           F
         1
   48           1           F
         1
   49           1           F
         1
   50           1           F
         1
   51           1           F
         1
   52           1           F
         1
   53           1           F
         1
   54           1           F
         1
   55           1           F
         1
   56           1           F
         1
   57           1           F
         1
   58           1           F
         1
   59           1           F
         1
   60           1           F
         1
   61           1           F
         1
   62           1           F
         1
   63           1           F
         1
   64           1           F
         1
   65           1           F
         1
   66           1           F
         1
   67           1           F
         1
   68           1           F
         1
   69           1           F
         1
   70           1           F
         1
   71           1           F
         1
   72           1           F
         1
   73           1           F
         1
   74           1           F
         1
   75           1           F
         1
   76           1           F
         1
   77           1           F
         1
   78           1           F
         1
   79           1           F
         1
   80           1           F
         1
   81           1           F
         1
   82           1           F
         1
   83           1           F
         1
   84           1           F
         1
   85           1           F
         1
   86           1           F
         1
   87           1           F
         1
   88           1           F
         1
   89           1           F
         1
   90           1           F
         1
   91           1           F
         1
   92           1           F
         1
   93           1           F
         1
   94           1           F
         1
   95           1           F
         1
   96           1           F
         1
   97           1           F
         1
   98           1           F
         1
   99           1           F
         1
  100           1           F
         1
  101           1           F
         1
  102           1           F
         1
  103           1           F
         1
  104           1           F
         1
  105           1           F
         1
  106           1           F
         1
  107           1           F
         1
  108           1           F
         1
  109           1           F
         1
  110           1           F
         1
  111           1           F
         1
  112           1           F
         1
  113           1           F
         1
  114           1           F
         1
  115           1           F
         1
  116           1           F
         1
  117           1           F
         1
  118           1           F
         1
  119           1           F
         1
  120           1           F
         1
  121           1           F
         1
  122           1           F
         1
  123           1           F
         1
  124           1           F
         1
  125           1           F
         1
  126           1           F
         1
  127           1           F
         1
  128           1           F
         1
  129           1           F
         1
  130           1           F
         1
  131           1           F
         1
  132           1           F
         1
  133           1           F
         1
  134           1           F
         1
  135           1           F
         1
  136           1           F
         1
  137           1           F
         1
  138           1           F
         1
  139           1           F
         1
  140           1           F
         1
  141           1           F
         1
  142           1           F
         1
  143           1           F
         1
  144           1           F
         1
  145           1           F
         1
  146           1           F
         1
  147           1           F
         1
  148           1           F
         1
  149           1           F
         1
  150           1           F
         1
  151           1           F
         1
  152           1           F
         1
  153           1           F
         1
  154           1           F
         1
  155           1           F
         1
  156           1           F
         1
  157           1           F
         1
  158           1           F
         1
  159           1           F
         1
  160           1           F
         1
  161           1           F
         1
  162           1           F
         1
  163           1           F
         1
  164           1           F
         1
  165           1           F
         1
  166           1           F
         1
  167           1           F
         1
  168           1           F
         1
  169           1           F
         1
  170           1           F
         1
  171           1           F
         1
  172           1           F
         1
  173           1           F
         1
  174           1           F
         1
  175           1           F
         1
  176           1           F
         1
  177           1           F
         1
  178           1           F
         1
  179           1           F
         1
  180           1           F
         1
  181           1           F
         1
  182           1           F
         1
  183           1           F
         1
  184           1           F
         1
  185           1           F
         1
  186           1           F
         1
  187           1           F
         1
  188           1           F
         1
  189           1           F
         1
  190           1           F
         1
  191           1           F
         1
  192           1           F
         1
  193           1           F
         1
  194           1           F
         1
  195           1           F
         1
  196           1           F
         1
  197           1           F
         1
  198           1           F
         1
  199           1           F
         1
  200           1           F
         1
  201           1           F
         1
  202           1           F
         1
  203           1           F
         1
  204           1           F
         1
  205           1           F
         1
  206           1           F
         1
  207           1           F
         1
  208           1           F
         1
  209           1           F
         1
  210           1           F
         1
  211           1           F
         1
  212           1           F
         1
  213           1           F
         1
  214           1           F
         1
  215           1           F
         1
  216           1           F
         1
  217           1           F
         1
  218           1           F
         1
  219           1           F
         1
  220           1           F
         1
  221           1           F
         1
  222           1           F
         1
  223           1           F
         1
  224           1           F
         1
  225           1           F
         1
  226           1           F
         1
  227           1           F
         1
  228           1           F
         1
  229           1           F
         1
  230           1           F
         1
  231           1           F
         1
  232           1           F
         1
  233           1           F
         1
  234           1           F
         1
  235           1           F
         1
  236           1           F
         1
  237           1           F
         1
  238           1           F
         1
  239           1           F
         1
  240           1           F
         1
  241           1           F
         1
  242           1           F
         1
  243           1           F
         1
  244           1           F
         1
  245           1           F
         1
  246           1           F
         1
  247           1           F
         1
  248           1           F
         1
  249           1           F
         1
  250           1           F
         1
  251           1           F
         1
  252           1           F
         1
  253           1           F
         1
  254           1           F
         1
  255           1           F
         1
  256           1           F
         1
  257           1           F
         1
  258           1           F
         1
  259           1           F
         1
  260           1           F
         1
  261           1           F
         1
  262           1           F
         1
  263           1           F
         1
  264           1           F
         1
  265           1           F
         1
  266           1           F
         1
  267           1           F
         1
  268           1           F
         1
  269           1           F
         1
  270           1           F
         1
  271           1           F
         1
  272           1           F
         1
  273           1           F
         1
  274           1           F
         1
  275           1           F
         1
  276           1           F
         1
  277           1           F
         1
  278           1           F
         1
  279           1           F
         1
  280           1           F
         1
  281           1           F
         1
  282           1           F
         1
  283           1           F
         1
  284           1           F
         1
  285           1           F
         1
  286           1           F
         1
  287           1           F
         1
  288           1           F
         1
  289           1           F
         1
  290           1           F
         1
  291           1           F
         1
  292           1           F
         1
  293           1           F
         1
  294           1           F
         1
  295           1           F
         1
  296           1           F
         1
  297           1           F
         1
  298           1           F
         1
  299           1           F
         1
  300           1           F
         1
*END
*BLOCK: TYPE =   19: SUBTYPE =    0: version =    0
Exponential sum fiting continuum coefficients: (exponents: m5/kg2)
Number of temperatures in look-up table =     6
Band        Continuum, number of k-terms, overlap treatment, 
            followed by, k-terms and weights.
    1           1           1           0
    0.000000000E+00    1.000000000E+00
    2           1           1           0
    1.111308213E-04    1.000000000E+00
    3           1           1           0
    2.668635305E-04    1.000000000E+00
    4           1           1           0
    4.960298671E-04    1.000000000E+00
    5           1           1           0
    7.946629095E-04    1.000000000E+00
    6           1           1           0
    1.157912418E-03    1.000000000E+00
    7           1           1           0
    1.579908211E-03    1.000000000E+00
    8           1           1           0
    2.056185717E-03    1.000000000E+00
    9           1           1           0
    2.583582274E-03    1.000000000E+00
   10           1           1           0
    3.156658438E-03    1.000000000E+00
   11           1           1           0
    3.771777016E-03    1.000000000E+00
   12           1           1           0
    4.428439883E-03    1.000000000E+00
   13           1           1           0
    5.124835877E-03    1.000000000E+00
   14           1           1           0
    5.859172479E-03    1.000000000E+00
   15           1           1           0
    6.631894976E-03    1.000000000E+00
   16           1           1           0
    7.442999239E-03    1.000000000E+00
   17           1           1           0
    8.292040489E-03    1.000000000E+00
   18           1           1           0
    9.179910541E-03    1.000000000E+00
   19           1           1           0
    1.011107602E-02    1.000000000E+00
   20           1           1           0
    1.108820689E-02    1.000000000E+00
   21           1           1           0
    1.210549814E-02    1.000000000E+00
   22           1           1           0
    1.316742205E-02    1.000000000E+00
   23           1           1           0
    1.427843207E-02    1.000000000E+00
   24           1           1           0
    1.543853118E-02    1.000000000E+00
   25           1           1           0
    1.665217992E-02    1.000000000E+00
   26           1           1           0
    1.791045293E-02    1.000000000E+00
   27           1           1           0
    1.920888648E-02    1.000000000E+00
   28           1           1           0
    2.054301908E-02    1.000000000E+00
   29           1           1           0
    2.190838643E-02    1.000000000E+00
   30           1           1           0
    2.330945214E-02    1.000000000E+00
   31           1           1           0
    2.474175395E-02    1.000000000E+00
   32           1           1           0
    2.620082872E-02    1.000000000E+00
   33           1           1           0
    2.768221415E-02    1.000000000E+00
   34           1           1           0
    2.919037281E-02    1.000000000E+00
   35           1           1           0
    3.072976792E-02    1.000000000E+00
   36           1           1           0
    3.230039897E-02    1.000000000E+00
   37           1           1           0
    3.390672867E-02    1.000000000E+00
   38           1           1           0
    3.555321855E-02    1.000000000E+00
   39           1           1           0
    3.724879254E-02    1.000000000E+00
   40           1           1           0
    3.898899241E-02    1.000000000E+00
   41           1           1           0
    4.077381149E-02    1.000000000E+00
   42           1           1           0
    4.262109727E-02    1.000000000E+00
   43           1           1           0
    4.451748128E-02    1.000000000E+00
   44           1           1           0
    4.645847603E-02    1.000000000E+00
   45           1           1           0
    4.844410568E-02    1.000000000E+00
   46           1           1           0
    5.046542645E-02    1.000000000E+00
   47           1           1           0
    5.252245138E-02    1.000000000E+00
   48           1           1           0
    5.460178967E-02    1.000000000E+00
   49           1           1           0
    5.668559662E-02    1.000000000E+00
   50           1           1           0
    5.879615418E-02    1.000000000E+00
   51           1           1           0
    6.087105900E-02    1.000000000E+00
   52           1           1           0
    6.287007145E-02    1.000000000E+00
   53           1           1           0
    6.484230863E-02    1.000000000E+00
   54           1           1           0
    6.676545579E-02    1.000000000E+00
   55           1           1           0
    6.859487663E-02    1.000000000E+00
   56           1           1           0
    7.037077455E-02    1.000000000E+00
   57           1           1           0
    7.208415603E-02    1.000000000E+00
   58           1           1           0
    7.369939026E-02    1.000000000E+00
   59           1           1           0
    7.532806367E-02    1.000000000E+00
   60           1           1           0
    7.696114545E-02    1.000000000E+00
   61           1           1           0
    7.852729497E-02    1.000000000E+00
   62           1           1           0
    8.002203874E-02    1.000000000E+00
   63           1           1           0
    8.156151399E-02    1.000000000E+00
   64           1           1           0
    8.310085258E-02    1.000000000E+00
   65           1           1           0
    8.456441142E-02    1.000000000E+00
   66           1           1           0
    8.603688756E-02    1.000000000E+00
   67           1           1           0
    8.750936482E-02    1.000000000E+00
   68           1           1           0
    8.892378210E-02    1.000000000E+00
   69           1           1           0
    9.027131246E-02    1.000000000E+00
   70           1           1           0
    9.156525969E-02    1.000000000E+00
   71           1           1           0
    9.276996008E-02    1.000000000E+00
   72           1           1           0
    9.388541403E-02    1.000000000E+00
   73           1           1           0
    9.486693083E-02    1.000000000E+00
   74           1           1           0
    9.571464440E-02    1.000000000E+00
   75           1           1           0
    9.642840556E-02    1.000000000E+00
   76           1           1           0
    9.705309189E-02    1.000000000E+00
   77           1           1           0
    9.758835396E-02    1.000000000E+00
   78           1           1           0
    9.794511199E-02    1.000000000E+00
   79           1           1           0
    9.816810393E-02    1.000000000E+00
   80           1           1           0
    9.839131449E-02    1.000000000E+00
   81           1           1           0
    9.856957883E-02    1.000000000E+00
   82           1           1           0
    9.861408278E-02    1.000000000E+00
   83           1           1           0
    9.856934122E-02    1.000000000E+00
   84           1           1           0
    9.856957183E-02    1.000000000E+00
   85           1           1           0
    9.847985139E-02    1.000000000E+00
   86           1           1           0
    9.830161735E-02    1.000000000E+00
   87           1           1           0
    9.812289015E-02    1.000000000E+00
   88           1           1           0
    9.781041473E-02    1.000000000E+00
   89           1           1           0
    9.740869270E-02    1.000000000E+00
   90           1           1           0
    9.696248472E-02    1.000000000E+00
   91           1           1           0
    9.642675129E-02    1.000000000E+00
   92           1           1           0
    9.580205899E-02    1.000000000E+00
   93           1           1           0
    9.517736641E-02    1.000000000E+00
   94           1           1           0
    9.437355747E-02    1.000000000E+00
   95           1           1           0
    9.343668278E-02    1.000000000E+00
   96           1           1           0
    9.249947429E-02    1.000000000E+00
   97           1           1           0
    9.147301603E-02    1.000000000E+00
   98           1           1           0
    9.040210805E-02    1.000000000E+00
   99           1           1           0
    8.931328038E-02    1.000000000E+00
  100           1           1           0
    8.817083233E-02    1.000000000E+00
  101           1           1           0
    8.699731067E-02    1.000000000E+00
  102           1           1           0
    8.579238680E-02    1.000000000E+00
  103           1           1           0
    8.455639345E-02    1.000000000E+00
  104           1           1           0
    8.329347430E-02    1.000000000E+00
  105           1           1           0
    8.200393324E-02    1.000000000E+00
  106           1           1           0
    8.069642583E-02    1.000000000E+00
  107           1           1           0
    7.936222160E-02    1.000000000E+00
  108           1           1           0
    7.801460951E-02    1.000000000E+00
  109           1           1           0
    7.664914685E-02    1.000000000E+00
  110           1           1           0
    7.525686755E-02    1.000000000E+00
  111           1           1           0
    7.384682024E-02    1.000000000E+00
  112           1           1           0
    7.243228839E-02    1.000000000E+00
  113           1           1           0
    7.101331404E-02    1.000000000E+00
  114           1           1           0
    6.959882213E-02    1.000000000E+00
  115           1           1           0
    6.820222101E-02    1.000000000E+00
  116           1           1           0
    6.681894153E-02    1.000000000E+00
  117           1           1           0
    6.544462844E-02    1.000000000E+00
  118           1           1           0
    6.408816346E-02    1.000000000E+00
  119           1           1           0
    6.275403032E-02    1.000000000E+00
  120           1           1           0
    6.144666975E-02    1.000000000E+00
  121           1           1           0
    6.017056516E-02    1.000000000E+00
  122           1           1           0
    5.892119095E-02    1.000000000E+00
  123           1           1           0
    5.770311439E-02    1.000000000E+00
  124           1           1           0
    5.652517586E-02    1.000000000E+00
  125           1           1           0
    5.536948626E-02    1.000000000E+00
  126           1           1           0
    5.425409758E-02    1.000000000E+00
  127           1           1           0
    5.318320973E-02    1.000000000E+00
  128           1           1           0
    5.214809683E-02    1.000000000E+00
  129           1           1           0
    5.115308471E-02    1.000000000E+00
  130           1           1           0
    5.019828743E-02    1.000000000E+00
  131           1           1           0
    4.929255352E-02    1.000000000E+00
  132           1           1           0
    4.842695991E-02    1.000000000E+00
  133           1           1           0
    4.761497811E-02    1.000000000E+00
  134           1           1           0
    4.685647279E-02    1.000000000E+00
  135           1           1           0
    4.613366337E-02    1.000000000E+00
  136           1           1           0
    4.546445716E-02    1.000000000E+00
  137           1           1           0
    4.485321069E-02    1.000000000E+00
  138           1           1           0
    4.430448216E-02    1.000000000E+00
  139           1           1           0
    4.382264093E-02    1.000000000E+00
  140           1           1           0
    4.339881302E-02    1.000000000E+00
  141           1           1           0
    4.304191922E-02    1.000000000E+00
  142           1           1           0
    4.274299912E-02    1.000000000E+00
  143           1           1           0
    4.250210454E-02    1.000000000E+00
  144           1           1           0
    4.234152909E-02    1.000000000E+00
  145           1           1           0
    4.225231530E-02    1.000000000E+00
  146           1           1           0
    4.223003669E-02    1.000000000E+00
  147           1           1           0
    4.228806308E-02    1.000000000E+00
  148           1           1           0
    4.241747025E-02    1.000000000E+00
  149           1           1           0
    4.261380043E-02    1.000000000E+00
  150           1           1           0
    4.288597435E-02    1.000000000E+00
  151           1           1           0
    4.355675995E-02    1.000000000E+00
  152           1           1           0
    4.485894192E-02    1.000000000E+00
  153           1           1           0
    4.663945250E-02    1.000000000E+00
  154           1           1           0
    4.891796768E-02    1.000000000E+00
  155           1           1           0
    5.178422287E-02    1.000000000E+00
  156           1           1           0
    5.531181377E-02    1.000000000E+00
  157           1           1           0
    5.958635809E-02    1.000000000E+00
  158           1           1           0
    6.468159965E-02    1.000000000E+00
  159           1           1           0
    7.063277382E-02    1.000000000E+00
  160           1           1           0
    7.749549782E-02    1.000000000E+00
  161           1           1           0
    8.526614073E-02    1.000000000E+00
  162           1           1           0
    9.389161717E-02    1.000000000E+00
  163           1           1           0
    1.033690358E-01    1.000000000E+00
  164           1           1           0
    1.136826240E-01    1.000000000E+00
  165           1           1           0
    1.246863662E-01    1.000000000E+00
  166           1           1           0
    1.362156126E-01    1.000000000E+00
  167           1           1           0
    1.479678526E-01    1.000000000E+00
  168           1           1           0
    1.597065545E-01    1.000000000E+00
  169           1           1           0
    1.709707269E-01    1.000000000E+00
  170           1           1           0
    1.812236783E-01    1.000000000E+00
  171           1           1           0
    1.897006409E-01    1.000000000E+00
  172           1           1           0
    1.960441976E-01    1.000000000E+00
  173           1           1           0
    1.995696332E-01    1.000000000E+00
  174           1           1           0
    2.001329944E-01    1.000000000E+00
  175           1           1           0
    1.979045192E-01    1.000000000E+00
  176           1           1           0
    1.933313847E-01    1.000000000E+00
  177           1           1           0
    1.869422967E-01    1.000000000E+00
  178           1           1           0
    1.792549341E-01    1.000000000E+00
  179           1           1           0
    1.708948300E-01    1.000000000E+00
  180           1           1           0
    1.621103200E-01    1.000000000E+00
  181           1           1           0
    1.531951328E-01    1.000000000E+00
  182           1           1           0
    1.443054010E-01    1.000000000E+00
  183           1           1           0
    1.357078524E-01    1.000000000E+00
  184           1           1           0
    1.273641426E-01    1.000000000E+00
  185           1           1           0
    1.195425646E-01    1.000000000E+00
  186           1           1           0
    1.120288875E-01    1.000000000E+00
  187           1           1           0
    1.049980614E-01    1.000000000E+00
  188           1           1           0
    9.843107356E-02    1.000000000E+00
  189           1           1           0
    9.240287540E-02    1.000000000E+00
  190           1           1           0
    8.680405633E-02    1.000000000E+00
  191           1           1           0
    8.168594098E-02    1.000000000E+00
  192           1           1           0
    7.694427739E-02    1.000000000E+00
  193           1           1           0
    7.247772718E-02    1.000000000E+00
  194           1           1           0
    6.822557081E-02    1.000000000E+00
  195           1           1           0
    6.417603227E-02    1.000000000E+00
  196           1           1           0
    6.033457785E-02    1.000000000E+00
  197           1           1           0
    5.671312790E-02    1.000000000E+00
  198           1           1           0
    5.330965873E-02    1.000000000E+00
  199           1           1           0
    5.007078714E-02    1.000000000E+00
  200           1           1           0
    4.696258362E-02    1.000000000E+00
  201           1           1           0
    4.396170782E-02    1.000000000E+00
  202           1           1           0
    4.106301139E-02    1.000000000E+00
  203           1           1           0
    3.825894887E-02    1.000000000E+00
  204           1           1           0
    3.554950225E-02    1.000000000E+00
  205           1           1           0
    3.295394469E-02    1.000000000E+00
  206           1           1           0
    3.046845674E-02    1.000000000E+00
  207           1           1           0
    2.808963229E-02    1.000000000E+00
  208           1           1           0
    2.583201914E-02    1.000000000E+00
  209           1           1           0
    2.368348440E-02    1.000000000E+00
  210           1           1           0
    2.167003612E-02    1.000000000E+00
  211           1           1           0
    1.985562342E-02    1.000000000E+00
  212           1           1           0
    1.806923664E-02    1.000000000E+00
  213           1           1           0
    1.639757904E-02    1.000000000E+00
  214           1           1           0
    1.485660222E-02    1.000000000E+00
  215           1           1           0
    1.342860582E-02    1.000000000E+00
  216           1           1           0
    1.211876183E-02    1.000000000E+00
  217           1           1           0
    1.092101469E-02    1.000000000E+00
  218           1           1           0
    9.827963917E-03    1.000000000E+00
  219           1           1           0
    8.832122484E-03    1.000000000E+00
  220           1           1           0
    7.932958072E-03    1.000000000E+00
  221           1           1           0
    7.121050559E-03    1.000000000E+00
  222           1           1           0
    6.390253227E-03    1.000000000E+00
  223           1           1           0
    5.734489199E-03    1.000000000E+00
  224           1           1           0
    5.146414772E-03    1.000000000E+00
  225           1           1           0
    4.622258932E-03    1.000000000E+00
  226           1           1           0
    4.156443867E-03    1.000000000E+00
  227           1           1           0
    3.741737105E-03    1.000000000E+00
  228           1           1           0
    3.377296538E-03    1.000000000E+00
  229           1           1           0
    3.054696216E-03    1.000000000E+00
  230           1           1           0
    2.770079529E-03    1.000000000E+00
  231           1           1           0
    2.519621197E-03    1.000000000E+00
  232           1           1           0
    2.301543207E-03    1.000000000E+00
  233           1           1           0
    2.109852752E-03    1.000000000E+00
  234           1           1           0
    1.942611339E-03    1.000000000E+00
  235           1           1           0
    1.796991893E-03    1.000000000E+00
  236           1           1           0
    1.669608565E-03    1.000000000E+00
  237           1           1           0
    1.559221488E-03    1.000000000E+00
  238           1           1           0
    1.464211049E-03    1.000000000E+00
  239           1           1           0
    1.384588966E-03    1.000000000E+00
  240           1           1           0
    1.316784553E-03    1.000000000E+00
  241           1           1           0
    1.260663732E-03    1.000000000E+00
  242           1           1           0
    1.215691543E-03    1.000000000E+00
  243           1           1           0
    1.179640481E-03    1.000000000E+00
  244           1           1           0
    1.152153187E-03    1.000000000E+00
  245           1           1           0
    1.132426376E-03    1.000000000E+00
  246           1           1           0
    1.120284084E-03    1.000000000E+00
  247           1           1           0
    1.115412468E-03    1.000000000E+00
  248           1           1           0
    1.116387227E-03    1.000000000E+00
  249           1           1           0
    1.121557213E-03    1.000000000E+00
  250           1           1           0
    1.128073287E-03    1.000000000E+00
  251           1           1           0
    1.132495955E-03    1.000000000E+00
  252           1           1           0
    1.132504052E-03    1.000000000E+00
  253           1           1           0
    1.126933066E-03    1.000000000E+00
  254           1           1           0
    1.115248426E-03    1.000000000E+00
  255           1           1           0
    1.098205739E-03    1.000000000E+00
  256           1           1           0
    1.077056993E-03    1.000000000E+00
  257           1           1           0
    1.053675332E-03    1.000000000E+00
  258           1           1           0
    1.030382597E-03    1.000000000E+00
  259           1           1           0
    1.010300328E-03    1.000000000E+00
  260           1           1           0
    9.953919487E-04    1.000000000E+00
  261           1           1           0
    9.857044370E-04    1.000000000E+00
  262           1           1           0
    9.810576032E-04    1.000000000E+00
  263           1           1           0
    9.802930733E-04    1.000000000E+00
  264           1           1           0
    9.830548717E-04    1.000000000E+00
  265           1           1           0
    9.885834015E-04    1.000000000E+00
  266           1           1           0
    9.959866440E-04    1.000000000E+00
  267           1           1           0
    1.004865841E-03    1.000000000E+00
  268           1           1           0
    1.013613213E-03    1.000000000E+00
  269           1           1           0
    1.019555305E-03    1.000000000E+00
  270           1           1           0
    1.022326686E-03    1.000000000E+00
  271           1           1           0
    9.272426717E-04    1.000000000E+00
  272           1           1           0
    4.645019158E-04    1.000000000E+00
  273           1           1           0
    1.557026916E-04    1.000000000E+00
  274           1           1           0
    6.389266550E-05    1.000000000E+00
  275           1           1           0
    5.055574622E-05    1.000000000E+00
  276           1           1           0
    5.976026319E-05    1.000000000E+00
  277           1           1           0
    6.201050298E-05    1.000000000E+00
  278           1           1           0
    6.832602226E-05    1.000000000E+00
  279           1           1           0
    5.079308868E-05    1.000000000E+00
  280           1           1           0
    2.658015109E-05    1.000000000E+00
  281           1           1           0
    9.737100710E-06    1.000000000E+00
  282           1           1           0
    3.011301814E-06    1.000000000E+00
  283           1           1           0
    9.104800968E-07    1.000000000E+00
  284           1           1           0
    2.966467310E-07    1.000000000E+00
  285           1           1           0
    1.108724010E-07    1.000000000E+00
  286           1           1           0
    4.958246066E-08    1.000000000E+00
  287           1           1           0
    2.709629462E-08    1.000000000E+00
  288           1           1           0
    1.769877938E-08    1.000000000E+00
  289           1           1           0
    1.311873076E-08    1.000000000E+00
  290           1           1           0
    1.050618223E-08    1.000000000E+00
  291           1           1           0
    8.793061899E-09    1.000000000E+00
  292           1           1           0
    7.550844498E-09    1.000000000E+00
  293           1           1           0
    0.000000000E+00    1.000000000E+00
  294           1           1           0
    0.000000000E+00    1.000000000E+00
  295           1           1           0
    0.000000000E+00    1.000000000E+00
  296           1           1           0
    0.000000000E+00    1.000000000E+00
  297           1           1           0
    0.000000000E+00    1.000000000E+00
  298           1           1           0
    0.000000000E+00    1.000000000E+00
  299           1           1           0
    0.000000000E+00    1.000000000E+00
  300           1           1           0
    0.000000000E+00    1.000000000E+00
*END
