*PTVAL
1.00e1 100. 250. 400. 600. 800. 1000. 1250. 1500. 1750. 2000. 2333. 2666. 3000. 3500. 4000.
1.00e2 100. 250. 400. 600. 800. 1000. 1250. 1500. 1750. 2000. 2333. 2666. 3000. 3500. 4000.
1.00e3 100. 250. 400. 600. 800. 1000. 1250. 1500. 1750. 2000. 2333. 2666. 3000. 3500. 4000.
1.00e4 100. 250. 400. 600. 800. 1000. 1250. 1500. 1750. 2000. 2333. 2666. 3000. 3500. 4000.
1.00e5 100. 250. 400. 600. 800. 1000. 1250. 1500. 1750. 2000. 2333. 2666. 3000. 3500. 4000.
1.00e6 100. 250. 400. 600. 800. 1000. 1250. 1500. 1750. 2000. 2333. 2666. 3000. 3500. 4000.
1.00e7 100. 250. 400. 600. 800. 1000. 1250. 1500. 1750. 2000. 2333. 2666. 3000. 3500. 4000.
1.00e8 100. 250. 400. 600. 800. 1000. 1250. 1500. 1750. 2000. 2333. 2666. 3000. 3500. 4000.
*END
