F2V STAR SPECTRUM of HD128167: http://vpl.astro.washington.edu/spectra/stellar/other_stars.htm
       WAVELENGTH        IRRADIANCE
           (m)               (W/m3)
*BEGIN_DATA
      1.1510000e-07      6.9343986e+07
      1.1520000e-07      5.0859219e+07
      1.1540000e-07      3.8327173e+07
      1.1560000e-07      5.7856278e+07
      1.1570000e-07      4.0938016e+07
      1.1590000e-07      3.5194162e+07
      1.1610000e-07      3.3836523e+07
      1.1620000e-07      4.2922256e+07
      1.1640000e-07      1.8484767e+07
      1.1660000e-07      1.8798069e+07
      1.1670000e-07      2.7674934e+07
      1.1690000e-07      2.4541923e+07
      1.1710000e-07      2.8092669e+07
      1.1720000e-07      2.1931080e+07
      1.1740000e-07      2.3706453e+07
      1.1760000e-07      2.3393152e+07
      1.1770000e-07      1.9842406e+07
      1.1790000e-07      1.5560623e+07
      1.1810000e-07      1.6396093e+07
      1.1820000e-07      1.4202985e+07
      1.1840000e-07      1.7022695e+07
      1.1860000e-07      1.6082792e+07
      1.1870000e-07      1.8693635e+07
      1.1890000e-07      1.4307419e+07
      1.1910000e-07      1.3680817e+07
      1.1920000e-07      1.2636479e+07
      1.1940000e-07      7.6549912e+06
      1.1960000e-07      7.2894732e+06
      1.1980000e-07      1.2740913e+07
      1.1990000e-07      1.0307608e+07
      1.2010000e-07      1.1801010e+07
      1.2030000e-07      1.4829587e+07
      1.2040000e-07      1.6500527e+07
      1.2060000e-07      1.7022695e+07
      1.2080000e-07      1.6813828e+07
      1.2090000e-07      3.1956716e+07
      1.2110000e-07      5.5454302e+07
      1.2130000e-07      8.5740079e+07
      1.2140000e-07      1.0182287e+08
      1.2160000e-07      1.0422485e+08
      1.2180000e-07      8.4695742e+07
      1.2190000e-07      5.4201098e+07
      1.2210000e-07      3.7178402e+07
      1.2230000e-07      2.2348815e+07
      1.2240000e-07      1.2740913e+07
      1.2260000e-07      8.9604127e+06
      1.2280000e-07      8.1562731e+06
      1.2290000e-07      9.6914487e+06
      1.2310000e-07      8.5740079e+06
      1.2330000e-07      6.7986348e+06
      1.2340000e-07      9.3259307e+06
      1.2360000e-07      6.0675988e+06
      1.2380000e-07      6.7777480e+06
      1.2390000e-07      7.9369623e+06
      1.2410000e-07      7.3416901e+06
      1.2430000e-07      6.9239552e+06
      1.2440000e-07      7.5296708e+06
      1.2460000e-07      8.5948947e+06
      1.2480000e-07      9.7436655e+06
      1.2490000e-07      8.7515452e+06
      1.2510000e-07      6.4017867e+06
      1.2530000e-07      8.2502634e+06
      1.2550000e-07      4.4279895e+06
      1.2560000e-07      6.7673047e+06
      1.2580000e-07      8.4591308e+06
      1.2600000e-07      6.2973530e+06
      1.2610000e-07      8.3024803e+06
      1.2630000e-07      6.4122300e+06
      1.2650000e-07      6.5062204e+06
      1.2660000e-07      6.8195215e+06
      1.2680000e-07      7.8951888e+06
      1.2700000e-07      6.0989289e+06
      1.2710000e-07      7.6863214e+06
      1.2730000e-07      7.3730202e+06
      1.2750000e-07      7.1850395e+06
      1.2760000e-07      8.9395259e+06
      1.2780000e-07      8.5217911e+06
      1.2800000e-07      7.5192274e+06
      1.2810000e-07      8.1249429e+06
      1.2830000e-07      6.9552854e+06
      1.2850000e-07      8.3024803e+06
      1.2860000e-07      8.3860272e+06
      1.2880000e-07      6.8195215e+06
      1.2900000e-07      7.9891791e+06
      1.2910000e-07      9.8376559e+06
      1.2930000e-07      9.1170632e+06
      1.2950000e-07      9.3154873e+06
      1.2960000e-07      8.7202151e+06
      1.2980000e-07      1.1278841e+07
      1.3000000e-07      7.0910492e+06
      1.3010000e-07      9.4721379e+06
      1.3030000e-07      8.9604127e+06
      1.3050000e-07      7.5818876e+06
      1.3060000e-07      8.4695742e+06
      1.3080000e-07      6.9866155e+06
      1.3100000e-07      7.8847454e+06
      1.3120000e-07      6.7673047e+06
      1.3130000e-07      6.6419842e+06
      1.3150000e-07      7.0283890e+06
      1.3170000e-07      9.5556848e+06
      1.3180000e-07      7.5818876e+06
      1.3200000e-07      7.7072081e+06
      1.3220000e-07      6.6942011e+06
      1.3230000e-07      7.3939070e+06
      1.3250000e-07      8.6679983e+06
      1.3270000e-07      7.6549912e+06
      1.3280000e-07      9.4825812e+06
      1.3300000e-07      6.6733143e+06
      1.3320000e-07      1.2740913e+07
      1.3330000e-07      1.2949781e+07
      1.3350000e-07      1.5769491e+07
      1.3370000e-07      1.1696576e+07
      1.3380000e-07      1.0098740e+07
      1.3400000e-07      6.9761721e+06
      1.3420000e-07      1.0318051e+07
      1.3430000e-07      8.5740079e+06
      1.3450000e-07      9.7854390e+06
      1.3470000e-07      8.4069140e+06
      1.3480000e-07      6.0467120e+06
      1.3500000e-07      8.0936128e+06
      1.3520000e-07      7.2581431e+06
      1.3530000e-07      9.3990343e+06
      1.3550000e-07      1.0652239e+07
      1.3570000e-07      9.7436655e+06
      1.3580000e-07      8.3546971e+06
      1.3600000e-07      1.0213617e+07
      1.3620000e-07      9.7958824e+06
      1.3630000e-07      1.4098551e+07
      1.3650000e-07      1.1383275e+07
      1.3670000e-07      9.5347981e+06
      1.3690000e-07      1.0965540e+07
      1.3700000e-07      1.0443371e+07
      1.3720000e-07      1.0370268e+07
      1.3740000e-07      9.0961765e+06
      1.3750000e-07      1.1174407e+07
      1.3770000e-07      8.6993284e+06
      1.3790000e-07      1.1383275e+07
      1.3800000e-07      1.0547805e+07
      1.3820000e-07      1.2740913e+07
      1.3840000e-07      1.0965540e+07
      1.3850000e-07      1.0213617e+07
      1.3870000e-07      1.4829587e+07
      1.3890000e-07      1.2740913e+07
      1.3900000e-07      1.2114311e+07
      1.3920000e-07      1.1383275e+07
      1.3940000e-07      1.4516286e+07
      1.3950000e-07      1.5665057e+07
      1.3970000e-07      1.7649298e+07
      1.3990000e-07      9.6810053e+06
      1.4000000e-07      1.2218745e+07
      1.4020000e-07      1.2009877e+07
      1.4040000e-07      1.1174407e+07
      1.4050000e-07      1.3785250e+07
      1.4070000e-07      1.2009877e+07
      1.4090000e-07      1.6918262e+07
      1.4100000e-07      1.6291659e+07
      1.4120000e-07      1.3054214e+07
      1.4140000e-07      1.1592142e+07
      1.4150000e-07      1.0756673e+07
      1.4170000e-07      1.2427612e+07
      1.4190000e-07      1.4098551e+07
      1.4200000e-07      1.4411853e+07
      1.4220000e-07      1.7127129e+07
      1.4240000e-07      1.3889684e+07
      1.4260000e-07      1.2949781e+07
      1.4270000e-07      1.5142889e+07
      1.4290000e-07      1.4098551e+07
      1.4310000e-07      1.5665057e+07
      1.4320000e-07      1.4307419e+07
      1.4340000e-07      1.4620720e+07
      1.4360000e-07      1.6500527e+07
      1.4370000e-07      1.4829587e+07
      1.4390000e-07      1.4411853e+07
      1.4410000e-07      1.7753731e+07
      1.4420000e-07      1.5873925e+07
      1.4440000e-07      1.4829587e+07
      1.4460000e-07      1.4202985e+07
      1.4470000e-07      1.8798069e+07
      1.4490000e-07      1.6396093e+07
      1.4510000e-07      1.7127129e+07
      1.4520000e-07      1.8171466e+07
      1.4540000e-07      1.8171466e+07
      1.4560000e-07      1.8171466e+07
      1.4570000e-07      1.6709394e+07
      1.4590000e-07      1.9737972e+07
      1.4610000e-07      2.1617779e+07
      1.4620000e-07      2.0364574e+07
      1.4640000e-07      1.9215803e+07
      1.4660000e-07      2.0573442e+07
      1.4670000e-07      2.3915321e+07
      1.4690000e-07      2.3393152e+07
      1.4710000e-07      2.0886743e+07
      1.4720000e-07      2.0573442e+07
      1.4740000e-07      1.8484767e+07
      1.4760000e-07      1.9529105e+07
      1.4770000e-07      1.9737972e+07
      1.4790000e-07      2.4437489e+07
      1.4810000e-07      2.3915321e+07
      1.4830000e-07      2.0364574e+07
      1.4840000e-07      1.9215803e+07
      1.4860000e-07      2.0782309e+07
      1.4880000e-07      2.1826646e+07
      1.4890000e-07      2.2453249e+07
      1.4910000e-07      2.1826646e+07
      1.4930000e-07      2.6317296e+07
      1.4940000e-07      2.5795127e+07
      1.4960000e-07      2.4750790e+07
      1.4980000e-07      2.3497586e+07
      1.4990000e-07      2.1408911e+07
      1.5010000e-07      2.0573442e+07
      1.5030000e-07      2.1095610e+07
      1.5040000e-07      2.2139947e+07
      1.5060000e-07      2.0051273e+07
      1.5080000e-07      2.2662116e+07
      1.5090000e-07      2.4228622e+07
      1.5110000e-07      2.1931080e+07
      1.5130000e-07      2.2139947e+07
      1.5140000e-07      2.1617779e+07
      1.5160000e-07      2.2975417e+07
      1.5180000e-07      2.7152766e+07
      1.5190000e-07      2.6003995e+07
      1.5210000e-07      2.3393152e+07
      1.5230000e-07      2.3915321e+07
      1.5240000e-07      2.5795127e+07
      1.5260000e-07      2.5064091e+07
      1.5280000e-07      2.2975417e+07
      1.5290000e-07      2.5272959e+07
      1.5310000e-07      2.5795127e+07
      1.5330000e-07      2.5272959e+07
      1.5340000e-07      2.8197103e+07
      1.5360000e-07      2.7361633e+07
      1.5380000e-07      2.6317296e+07
      1.5400000e-07      2.7570500e+07
      1.5410000e-07      2.7361633e+07
      1.5430000e-07      2.8405970e+07
      1.5450000e-07      2.9763608e+07
      1.5460000e-07      3.5194162e+07
      1.5480000e-07      3.6760667e+07
      1.5500000e-07      3.8849342e+07
      1.5510000e-07      3.1956716e+07
      1.5530000e-07      3.0912379e+07
      1.5550000e-07      3.1016813e+07
      1.5560000e-07      2.9241440e+07
      1.5580000e-07      3.1538982e+07
      1.5600000e-07      3.3314355e+07
      1.5610000e-07      3.0912379e+07
      1.5630000e-07      3.2478885e+07
      1.5650000e-07      3.7491703e+07
      1.5660000e-07      3.4045391e+07
      1.5680000e-07      3.4358692e+07
      1.5700000e-07      3.1747849e+07
      1.5710000e-07      3.4567559e+07
      1.5730000e-07      3.3105487e+07
      1.5750000e-07      3.5403029e+07
      1.5760000e-07      3.3001054e+07
      1.5780000e-07      3.5403029e+07
      1.5800000e-07      3.8327173e+07
      1.5810000e-07      3.8536040e+07
      1.5830000e-07      3.9371510e+07
      1.5850000e-07      3.8849342e+07
      1.5860000e-07      3.6447366e+07
      1.5880000e-07      3.3001054e+07
      1.5900000e-07      3.8327173e+07
      1.5910000e-07      3.3001054e+07
      1.5930000e-07      3.5611896e+07
      1.5950000e-07      3.6656234e+07
      1.5960000e-07      3.9371510e+07
      1.5980000e-07      4.0102546e+07
      1.6000000e-07      3.8327173e+07
      1.6020000e-07      3.7805004e+07
      1.6030000e-07      4.1355751e+07
      1.6050000e-07      3.6969535e+07
      1.6070000e-07      3.9058209e+07
      1.6080000e-07      4.2191220e+07
      1.6100000e-07      4.2922256e+07
      1.6120000e-07      3.9893679e+07
      1.6130000e-07      4.3444425e+07
      1.6150000e-07      3.8222739e+07
      1.6170000e-07      4.0624715e+07
      1.6180000e-07      4.5010931e+07
      1.6200000e-07      4.3757726e+07
      1.6220000e-07      4.2504522e+07
      1.6230000e-07      4.3966594e+07
      1.6250000e-07      4.8143942e+07
      1.6270000e-07      4.7099605e+07
      1.6280000e-07      4.7935075e+07
      1.6300000e-07      4.6055268e+07
      1.6320000e-07      4.5637533e+07
      1.6330000e-07      4.5637533e+07
      1.6350000e-07      4.8979412e+07
      1.6370000e-07      4.9501580e+07
      1.6380000e-07      5.2843459e+07
      1.6400000e-07      5.0859219e+07
      1.6420000e-07      5.6289772e+07
      1.6430000e-07      5.3678929e+07
      1.6450000e-07      5.4096664e+07
      1.6470000e-07      5.2321291e+07
      1.6480000e-07      4.9814882e+07
      1.6500000e-07      5.0232616e+07
      1.6520000e-07      5.2112423e+07
      1.6530000e-07      5.2007990e+07
      1.6550000e-07      5.1485821e+07
      1.6570000e-07      5.4723266e+07
      1.6590000e-07      5.3887796e+07
      1.6600000e-07      5.6707507e+07
      1.6620000e-07      6.0362687e+07
      1.6640000e-07      6.2764662e+07
      1.6650000e-07      6.4853336e+07
      1.6670000e-07      6.0675988e+07
      1.6690000e-07      6.3077963e+07
      1.6700000e-07      5.9109482e+07
      1.6720000e-07      6.2451361e+07
      1.6740000e-07      6.4540035e+07
      1.6750000e-07      7.0075022e+07
      1.6770000e-07      7.4252371e+07
      1.6790000e-07      7.4983407e+07
      1.6800000e-07      7.4147937e+07
      1.6820000e-07      7.6236611e+07
      1.6840000e-07      7.9682924e+07
      1.6850000e-07      8.1040562e+07
      1.6870000e-07      8.6262248e+07
      1.6890000e-07      8.5635645e+07
      1.6900000e-07      8.6993284e+07
      1.6920000e-07      9.6287884e+07
      1.6940000e-07      1.0547805e+08
      1.6950000e-07      1.1592142e+08
      1.6970000e-07      1.3263082e+08
      1.6990000e-07      1.4411853e+08
      1.7000000e-07      1.5978358e+08
      1.7020000e-07      1.6918262e+08
      1.7040000e-07      1.7649298e+08
      1.7050000e-07      1.9215803e+08
      1.7070000e-07      2.2139947e+08
      1.7090000e-07      2.5795127e+08
      1.7100000e-07      2.5795127e+08
      1.7120000e-07      2.5064091e+08
      1.7140000e-07      2.7674934e+08
      1.7160000e-07      3.1434548e+08
      1.7170000e-07      3.4149824e+08
      1.7190000e-07      3.1747849e+08
      1.7210000e-07      2.4541923e+08
      1.7220000e-07      2.5481826e+08
      1.7240000e-07      2.5272959e+08
      1.7260000e-07      2.9241440e+08
      1.7270000e-07      3.5194162e+08
      1.7290000e-07      3.7282836e+08
      1.7310000e-07      3.6447366e+08
      1.7320000e-07      3.4880860e+08
      1.7340000e-07      3.4045391e+08
      1.7360000e-07      3.1956716e+08
      1.7370000e-07      3.0703512e+08
      1.7390000e-07      3.3314355e+08
      1.7410000e-07      3.4671993e+08
      1.7420000e-07      3.5089728e+08
      1.7440000e-07      3.6969535e+08
      1.7460000e-07      3.7282836e+08
      1.7470000e-07      4.0415847e+08
      1.7490000e-07      4.2713389e+08
      1.7510000e-07      4.3966594e+08
      1.7520000e-07      4.6055268e+08
      1.7540000e-07      4.8457243e+08
      1.7560000e-07      4.6368569e+08
      1.7570000e-07      4.8457243e+08
      1.7590000e-07      4.3444425e+08
      1.7610000e-07      4.1460184e+08
      1.7620000e-07      4.2922256e+08
      1.7640000e-07      3.7700571e+08
      1.7660000e-07      4.1355751e+08
      1.7670000e-07      4.5846400e+08
      1.7690000e-07      4.8143942e+08
      1.7710000e-07      5.1068086e+08
      1.7730000e-07      5.3574495e+08
      1.7740000e-07      5.3052327e+08
      1.7760000e-07      5.9109482e+08
      1.7780000e-07      5.8587314e+08
      1.7790000e-07      6.2555795e+08
      1.7810000e-07      5.9422783e+08
      1.7830000e-07      5.5663170e+08
      1.7840000e-07      5.2112423e+08
      1.7860000e-07      5.5767603e+08
      1.7880000e-07      5.7751844e+08
      1.7890000e-07      5.9631651e+08
      1.7910000e-07      6.6942011e+08
      1.7930000e-07      5.5663170e+08
      1.7940000e-07      6.0153819e+08
      1.7960000e-07      5.8796181e+08
      1.7980000e-07      5.5976471e+08
      1.7990000e-07      5.8900615e+08
      1.8010000e-07      6.0989289e+08
      1.8030000e-07      5.6185338e+08
      1.8040000e-07      5.3887796e+08
      1.8060000e-07      5.0859219e+08
      1.8080000e-07      4.6159702e+08
      1.8090000e-07      4.9710448e+08
      1.8110000e-07      5.8796181e+08
      1.8130000e-07      5.7542976e+08
      1.8140000e-07      5.7856278e+08
      1.8160000e-07      6.4122300e+08
      1.8180000e-07      6.5062204e+08
      1.8190000e-07      6.4644469e+08
      1.8210000e-07      7.4461238e+08
      1.8230000e-07      7.0075022e+08
      1.8240000e-07      6.0884855e+08
      1.8260000e-07      5.9422783e+08
      1.8280000e-07      6.3286831e+08
      1.8300000e-07      6.7777480e+08
      1.8310000e-07      6.6419842e+08
      1.8330000e-07      6.8508516e+08
      1.8350000e-07      6.6210975e+08
      1.8360000e-07      5.7856278e+08
      1.8380000e-07      5.8274012e+08
      1.8400000e-07      6.0362687e+08
      1.8410000e-07      5.5245435e+08
      1.8430000e-07      5.4409965e+08
      1.8450000e-07      5.0859219e+08
      1.8460000e-07      4.6368569e+08
      1.8480000e-07      4.3548859e+08
      1.8500000e-07      4.5637533e+08
      1.8510000e-07      4.8248376e+08
      1.8530000e-07      5.4409965e+08
      1.8550000e-07      5.4932134e+08
      1.8560000e-07      6.2033626e+08
      1.8580000e-07      6.7150878e+08
      1.8600000e-07      6.2033626e+08
      1.8610000e-07      7.1850395e+08
      1.8630000e-07      6.8299649e+08
      1.8650000e-07      7.5505575e+08
      1.8660000e-07      8.3338104e+08
      1.8680000e-07      8.6471115e+08
      1.8700000e-07      8.3860272e+08
      1.8710000e-07      7.7072081e+08
      1.8730000e-07      7.4983407e+08
      1.8750000e-07      7.3939070e+08
      1.8760000e-07      7.6758780e+08
      1.8780000e-07      8.5113477e+08
      1.8800000e-07      8.5426778e+08
      1.8810000e-07      8.9812994e+08
      1.8830000e-07      9.3154873e+08
      1.8850000e-07      8.8350922e+08
      1.8870000e-07      8.7515452e+08
      1.8880000e-07      8.3129236e+08
      1.8900000e-07      8.8246488e+08
      1.8920000e-07      8.8768657e+08
      1.8930000e-07      8.8246488e+08
      1.8950000e-07      8.8873091e+08
      1.8970000e-07      8.6993284e+08
      1.8980000e-07      8.0205092e+08
      1.9000000e-07      7.6549912e+08
      1.9020000e-07      7.8638587e+08
      1.9030000e-07      8.5948947e+08
      1.9050000e-07      8.4591308e+08
      1.9070000e-07      8.2084899e+08
      1.9080000e-07      8.5217911e+08
      1.9100000e-07      8.8559789e+08
      1.9120000e-07      8.7515452e+08
      1.9130000e-07      8.5113477e+08
      1.9150000e-07      9.2423837e+08
      1.9170000e-07      9.8167691e+08
      1.9180000e-07      9.3154873e+08
      1.9200000e-07      9.5870149e+08
      1.9220000e-07      9.8376559e+08
      1.9230000e-07      8.3651405e+08
      1.9250000e-07      7.9891791e+08
      1.9270000e-07      7.4774539e+08
      1.9280000e-07      6.2764662e+08
      1.9300000e-07      5.5141001e+08
      1.9320000e-07      5.0232616e+08
      1.9330000e-07      5.5245435e+08
      1.9350000e-07      6.0884855e+08
      1.9370000e-07      7.0075022e+08
      1.9380000e-07      7.8429719e+08
      1.9400000e-07      9.1170632e+08
      1.9420000e-07      8.9812994e+08
      1.9440000e-07      9.4721379e+08
      1.9450000e-07      9.7958824e+08
      1.9470000e-07      9.3154873e+08
      1.9490000e-07      9.8480992e+08
      1.9500000e-07      9.9420896e+08
      1.9520000e-07      9.5765716e+08
      1.9540000e-07      1.0203174e+09
      1.9550000e-07      1.0046523e+09
      1.9570000e-07      9.5870149e+08
      1.9590000e-07      9.0857331e+08
      1.9600000e-07      9.0439596e+08
      1.9620000e-07      9.4199210e+08
      1.9640000e-07      9.1379500e+08
      1.9650000e-07      9.1170632e+08
      1.9670000e-07      9.5765716e+08
      1.9690000e-07      9.5243547e+08
      1.9700000e-07      9.5347981e+08
      1.9720000e-07      8.8768657e+08
      1.9740000e-07      8.4173573e+08
      1.9750000e-07      9.3781475e+08
      1.9770000e-07      9.7645523e+08
      1.9790000e-07      9.7436655e+08
      1.9800000e-07      9.7018920e+08
      1.9820000e-07      1.2949781e+09
      1.9850000e-07      1.0652239e+09
      1.9880000e-07      1.0756673e+09
      1.9900000e-07      1.0391155e+09
      1.9930000e-07      1.0422485e+09
      1.9960000e-07      1.0861106e+09
      1.9980000e-07      1.0547805e+09
      2.0010000e-07      1.1174407e+09
      2.0040000e-07      1.0443371e+09
      2.0060000e-07      1.2427612e+09
      2.0090000e-07      1.1069974e+09
      2.0120000e-07      1.0652239e+09
      2.0140000e-07      1.3994118e+09
      2.0170000e-07      1.1801010e+09
      2.0200000e-07      1.2636479e+09
      2.0220000e-07      1.2532046e+09
      2.0250000e-07      1.2218745e+09
      2.0280000e-07      1.2009877e+09
      2.0300000e-07      1.3471949e+09
      2.0330000e-07      1.2636479e+09
      2.0360000e-07      1.3680817e+09
      2.0380000e-07      1.3680817e+09
      2.0410000e-07      1.3680817e+09
      2.0440000e-07      1.5978358e+09
      2.0460000e-07      1.7335997e+09
      2.0490000e-07      1.5978358e+09
      2.0520000e-07      1.6291659e+09
      2.0540000e-07      1.6187226e+09
      2.0570000e-07      1.4934021e+09
      2.0600000e-07      1.5978358e+09
      2.0620000e-07      1.3367515e+09
      2.0650000e-07      1.6291659e+09
      2.0680000e-07      1.5665057e+09
      2.0700000e-07      1.7440430e+09
      2.0730000e-07      1.7962599e+09
      2.0760000e-07      2.0782309e+09
      2.0780000e-07      2.1408911e+09
      2.0810000e-07      2.1513345e+09
      2.0840000e-07      1.8693635e+09
      2.0860000e-07      1.8902502e+09
      2.0890000e-07      1.9633538e+09
      2.0920000e-07      1.7544864e+09
      2.0940000e-07      1.8798069e+09
      2.0970000e-07      1.9006936e+09
      2.1000000e-07      1.7858165e+09
      2.1020000e-07      1.9215803e+09
      2.1050000e-07      1.7753731e+09
      2.1080000e-07      1.8171466e+09
      2.1100000e-07      1.2218745e+09
      2.1130000e-07      1.6918262e+09
      2.1160000e-07      1.9006936e+09
      2.1180000e-07      2.2557682e+09
      2.1210000e-07      2.2348815e+09
      2.1240000e-07      1.4934021e+09
      2.1260000e-07      1.6604961e+09
      2.1290000e-07      1.6604961e+09
      2.1320000e-07      1.3263082e+09
      2.1340000e-07      1.2427612e+09
      2.1370000e-07      1.6813828e+09
      2.1400000e-07      1.3785250e+09
      2.1420000e-07      2.0782309e+09
      2.1450000e-07      1.9842406e+09
      2.1480000e-07      1.5665057e+09
      2.1500000e-07      1.5769491e+09
      2.1530000e-07      1.9842406e+09
      2.1560000e-07      2.0155707e+09
      2.1580000e-07      1.6918262e+09
      2.1610000e-07      1.8171466e+09
      2.1640000e-07      1.8067033e+09
      2.1660000e-07      1.1592142e+09
      2.1690000e-07      1.4934021e+09
      2.1720000e-07      1.8171466e+09
      2.1740000e-07      1.6082792e+09
      2.1770000e-07      1.4411853e+09
      2.1800000e-07      1.9111370e+09
      2.1820000e-07      2.2870983e+09
      2.1850000e-07      1.8484767e+09
      2.1880000e-07      1.5038455e+09
      2.1900000e-07      1.7753731e+09
      2.1930000e-07      1.7753731e+09
      2.1960000e-07      2.3393152e+09
      2.1980000e-07      2.3602019e+09
      2.2010000e-07      1.8902502e+09
      2.2040000e-07      2.5481826e+09
      2.2060000e-07      1.7962599e+09
      2.2090000e-07      1.8067033e+09
      2.2120000e-07      8.9395259e+08
      2.2140000e-07      1.7022695e+09
      2.2170000e-07      1.8171466e+09
      2.2200000e-07      2.0051273e+09
      2.2220000e-07      2.0782309e+09
      2.2250000e-07      2.0886743e+09
      2.2280000e-07      1.6291659e+09
      2.2300000e-07      1.8171466e+09
      2.2330000e-07      2.0364574e+09
      2.2360000e-07      2.1722213e+09
      2.2380000e-07      2.3706453e+09
      2.2410000e-07      2.4228622e+09
      2.2440000e-07      1.9946839e+09
      2.2460000e-07      1.9006936e+09
      2.2490000e-07      1.6082792e+09
      2.2520000e-07      1.5769491e+09
      2.2540000e-07      1.2218745e+09
      2.2570000e-07      1.5351756e+09
      2.2600000e-07      1.8589201e+09
      2.2630000e-07      2.0886743e+09
      2.2650000e-07      1.7649298e+09
      2.2680000e-07      1.4098551e+09
      2.2710000e-07      1.4202985e+09
      2.2730000e-07      1.6709394e+09
      2.2760000e-07      1.2009877e+09
      2.2790000e-07      1.3263082e+09
      2.2810000e-07      2.1513345e+09
      2.2840000e-07      2.0364574e+09
      2.2870000e-07      2.2244381e+09
      2.2890000e-07      1.8380334e+09
      2.2920000e-07      1.7649298e+09
      2.2950000e-07      1.8275900e+09
      2.2970000e-07      1.4934021e+09
      2.3000000e-07      1.1487709e+09
      2.3030000e-07      1.6709394e+09
      2.3050000e-07      1.9424671e+09
      2.3080000e-07      2.1931080e+09
      2.3110000e-07      2.0051273e+09
      2.3130000e-07      1.4307419e+09
      2.3160000e-07      2.0677875e+09
      2.3190000e-07      1.9946839e+09
      2.3210000e-07      1.4829587e+09
      2.3240000e-07      2.0155707e+09
      2.3270000e-07      1.5351756e+09
      2.3290000e-07      1.5873925e+09
      2.3320000e-07      1.4098551e+09
      2.3350000e-07      9.9003161e+08
      2.3370000e-07      1.4411853e+09
      2.3400000e-07      8.4695742e+08
      2.3430000e-07      1.0652239e+09
      2.3450000e-07      1.0150957e+08
      2.3480000e-07      3.2896620e+08
      2.3510000e-07      1.2009877e+09
      2.3530000e-07      1.5769491e+09
      2.3560000e-07      1.4934021e+09
      2.3590000e-07      1.5560623e+09
      2.3610000e-07      7.6654346e+08
      2.3640000e-07      1.3680817e+09
      2.3670000e-07      8.6471115e+08
      2.3690000e-07      1.2427612e+09
      2.3720000e-07      1.5769491e+09
      2.3750000e-07      1.2323178e+09
      2.3770000e-07      1.5038455e+09
      2.3800000e-07      1.1278841e+09
      2.3830000e-07      3.3105487e+08
      2.3850000e-07      9.9003161e+08
      2.3880000e-07      1.1383275e+09
      2.3910000e-07      1.1696576e+09
      2.3930000e-07      1.5769491e+09
      2.3960000e-07      3.3105487e+08
      2.3990000e-07      9.7436655e+08
      2.4010000e-07      1.1069974e+09
      2.4040000e-07      1.1278841e+09
      2.4070000e-07      4.8248376e+08
      2.4090000e-07      1.1383275e+09
      2.4120000e-07      6.5062204e+08
      2.4150000e-07      1.0328494e+09
      2.4170000e-07      1.4202985e+09
      2.4200000e-07      1.7649298e+09
      2.4230000e-07      2.1513345e+09
      2.4250000e-07      1.7858165e+09
      2.4280000e-07      2.0469008e+09
      2.4310000e-07      1.8693635e+09
      2.4330000e-07      1.8484767e+09
      2.4360000e-07      1.6082792e+09
      2.4390000e-07      1.8067033e+09
      2.4410000e-07      1.7335997e+09
      2.4440000e-07      2.0364574e+09
      2.4470000e-07      1.5873925e+09
      2.4490000e-07      1.6500527e+09
      2.4520000e-07      1.5247322e+09
      2.4550000e-07      1.5247322e+09
      2.4570000e-07      1.7335997e+09
      2.4600000e-07      1.7231563e+09
      2.4630000e-07      1.3680817e+09
      2.4650000e-07      1.3994118e+09
      2.4680000e-07      1.3576383e+09
      2.4710000e-07      1.4516286e+09
      2.4730000e-07      1.6500527e+09
      2.4760000e-07      1.8275900e+09
      2.4790000e-07      1.5873925e+09
      2.4810000e-07      1.6918262e+09
      2.4840000e-07      1.1592142e+09
      2.4870000e-07      1.7649298e+09
      2.4890000e-07      1.2532046e+09
      2.4920000e-07      1.1278841e+09
      2.4950000e-07      1.7022695e+09
      2.4970000e-07      1.9737972e+09
      2.5000000e-07      2.1095610e+09
      2.5030000e-07      1.9215803e+09
      2.5050000e-07      2.0364574e+09
      2.5080000e-07      1.6187226e+09
      2.5110000e-07      1.9633538e+09
      2.5130000e-07      1.5142889e+09
      2.5160000e-07      1.0861106e+09
      2.5190000e-07      1.1487709e+09
      2.5210000e-07      1.3158648e+09
      2.5240000e-07      9.3677041e+08
      2.5270000e-07      1.0756673e+09
      2.5290000e-07      9.5765716e+08
      2.5320000e-07      1.3994118e+09
      2.5350000e-07      1.3367515e+09
      2.5370000e-07      1.2218745e+09
      2.5400000e-07      1.2636479e+09
      2.5430000e-07      1.1592142e+09
      2.5450000e-07      1.3367515e+09
      2.5480000e-07      1.2009877e+09
      2.5510000e-07      1.1174407e+09
      2.5530000e-07      1.8484767e+09
      2.5560000e-07      1.9529105e+09
      2.5590000e-07      1.9111370e+09
      2.5610000e-07      1.9737972e+09
      2.5640000e-07      1.5142889e+09
      2.5670000e-07      1.9946839e+09
      2.5690000e-07      2.3706453e+09
      2.5720000e-07      2.4750790e+09
      2.5750000e-07      2.2975417e+09
      2.5770000e-07      1.7753731e+09
      2.5800000e-07      2.3915321e+09
      2.5830000e-07      2.1722213e+09
      2.5850000e-07      2.0155707e+09
      2.5880000e-07      2.1200044e+09
      2.5910000e-07      2.6943898e+09
      2.5940000e-07      2.0364574e+09
      2.5960000e-07      2.2557682e+09
      2.5990000e-07      1.2740913e+09
      2.6020000e-07      1.6187226e+09
      2.6040000e-07      2.2348815e+09
      2.6070000e-07      1.0965540e+09
      2.6100000e-07      1.6396093e+09
      2.6120000e-07      1.1487709e+09
      2.6150000e-07      1.5769491e+09
      2.6180000e-07      1.9633538e+09
      2.6200000e-07      2.1304478e+09
      2.6230000e-07      2.2557682e+09
      2.6260000e-07      2.0364574e+09
      2.6280000e-07      1.7335997e+09
      2.6310000e-07      1.4620720e+09
      2.6340000e-07      1.8171466e+09
      2.6360000e-07      3.0599078e+09
      2.6390000e-07      3.2270018e+09
      2.6420000e-07      3.4045391e+09
      2.6440000e-07      3.9580378e+09
      2.6470000e-07      3.5716330e+09
      2.6500000e-07      3.4985294e+09
      2.6520000e-07      3.5194162e+09
      2.6550000e-07      3.6865101e+09
      2.6580000e-07      3.7178402e+09
      2.6600000e-07      3.3523222e+09
      2.6630000e-07      3.1434548e+09
      2.6660000e-07      2.9659175e+09
      2.6680000e-07      2.8197103e+09
      2.6710000e-07      2.9345874e+09
      2.6740000e-07      2.8405970e+09
      2.6760000e-07      3.4045391e+09
      2.6790000e-07      2.9137006e+09
      2.6820000e-07      3.1434548e+09
      2.6840000e-07      3.2374451e+09
      2.6870000e-07      3.1330114e+09
      2.6900000e-07      2.9450307e+09
      2.6920000e-07      3.1434548e+09
      2.6950000e-07      3.1330114e+09
      2.6980000e-07      3.0599078e+09
      2.7000000e-07      3.0912379e+09
      2.7030000e-07      3.1330114e+09
      2.7060000e-07      3.3314355e+09
      2.7080000e-07      3.1016813e+09
      2.7110000e-07      3.0181343e+09
      2.7140000e-07      3.0494644e+09
      2.7160000e-07      2.9137006e+09
      2.7190000e-07      2.9659175e+09
      2.7220000e-07      3.1330114e+09
      2.7240000e-07      2.9345874e+09
      2.7270000e-07      2.7466067e+09
      2.7300000e-07      3.0076910e+09
      2.7320000e-07      3.1538982e+09
      2.7350000e-07      2.8823705e+09
      2.7380000e-07      2.5899561e+09
      2.7400000e-07      2.2348815e+09
      2.7430000e-07      2.0991177e+09
      2.7460000e-07      2.1617779e+09
      2.7480000e-07      1.8275900e+09
      2.7510000e-07      1.8275900e+09
      2.7540000e-07      2.5690694e+09
      2.7560000e-07      1.9737972e+09
      2.7590000e-07      2.8719271e+09
      2.7620000e-07      2.8405970e+09
      2.7640000e-07      2.8301536e+09
      2.7670000e-07      3.0181343e+09
      2.7700000e-07      2.7779368e+09
      2.7720000e-07      3.1852283e+09
      2.7750000e-07      3.2165584e+09
      2.7780000e-07      2.8510404e+09
      2.7800000e-07      2.4541923e+09
      2.7830000e-07      2.5481826e+09
      2.7860000e-07      2.5272959e+09
      2.7880000e-07      2.4437489e+09
      2.7910000e-07      1.5142889e+09
      2.7940000e-07      8.6888850e+08
      2.7960000e-07      5.3992230e+08
      2.7990000e-07      6.7255312e+08
      2.8020000e-07      7.7907551e+08
      2.8040000e-07      8.3338104e+08
      2.8070000e-07      1.5560623e+09
      2.8100000e-07      2.3184285e+09
      2.8120000e-07      2.5690694e+09
      2.8150000e-07      3.0494644e+09
      2.8180000e-07      3.2165584e+09
      2.8200000e-07      3.5298595e+09
      2.8230000e-07      3.5820764e+09
      2.8260000e-07      3.7491703e+09
      2.8280000e-07      3.7700571e+09
      2.8310000e-07      3.7282836e+09
      2.8340000e-07      3.6134065e+09
      2.8360000e-07      3.2061150e+09
      2.8390000e-07      3.4985294e+09
      2.8420000e-07      3.1225680e+09
      2.8440000e-07      3.1956716e+09
      2.8470000e-07      3.1434548e+09
      2.8500000e-07      2.7883802e+09
      2.8520000e-07      1.9737972e+09
      2.8550000e-07      2.7361633e+09
      2.8580000e-07      3.0494644e+09
      2.8600000e-07      3.6342932e+09
      2.8630000e-07      3.5820764e+09
      2.8660000e-07      3.5507463e+09
      2.8680000e-07      3.2270018e+09
      2.8710000e-07      3.2896620e+09
      2.8740000e-07      3.6238499e+09
      2.8760000e-07      3.5716330e+09
      2.8790000e-07      3.3627656e+09
      2.8820000e-07      2.9554741e+09
      2.8840000e-07      3.4671993e+09
      2.8870000e-07      3.6656234e+09
      2.8900000e-07      3.3105487e+09
      2.8920000e-07      3.3418788e+09
      2.8950000e-07      3.4254258e+09
      2.8980000e-07      3.9371510e+09
      2.9000000e-07      4.2504522e+09
      2.9030000e-07      4.3444425e+09
      2.9100000e-07      4.5533099e+09
      2.9300000e-07      4.1877919e+09
      2.9500000e-07      4.1355751e+09
      2.9700000e-07      4.4488762e+09
      2.9900000e-07      4.5428666e+09
      3.0100000e-07      4.7830641e+09
      3.0300000e-07      4.6995171e+09
      3.0500000e-07      4.8457243e+09
      3.0700000e-07      4.8979412e+09
      3.0900000e-07      4.9919315e+09
      3.1100000e-07      4.9606014e+09
      3.1300000e-07      4.9188279e+09
      3.1500000e-07      4.8874978e+09
      3.1700000e-07      5.0754785e+09
      3.1900000e-07      4.5741967e+09
      3.2100000e-07      4.9606014e+09
      3.2300000e-07      4.3966594e+09
      3.2500000e-07      5.0441484e+09
      3.2700000e-07      5.4618832e+09
      3.2900000e-07      5.3574495e+09
      3.3100000e-07      5.5141001e+09
      3.3300000e-07      5.4618832e+09
      3.3500000e-07      5.4618832e+09
      3.3700000e-07      5.0232616e+09
      3.3900000e-07      5.2739026e+09
      3.4100000e-07      5.2425724e+09
      3.4300000e-07      5.2634592e+09
      3.4500000e-07      5.4096664e+09
      3.4700000e-07      5.4096664e+09
      3.4900000e-07      5.5663170e+09
      3.5100000e-07      5.6811940e+09
      3.5300000e-07      5.4618832e+09
      3.5500000e-07      5.9944952e+09
      3.5700000e-07      5.3574495e+09
      3.5900000e-07      5.2530158e+09
      3.6100000e-07      5.4096664e+09
      3.6300000e-07      5.4096664e+09
      3.6400000e-07      5.5141001e+09
      3.6500000e-07      5.9944952e+09
      3.6700000e-07      5.7856278e+09
      3.6900000e-07      5.4096664e+09
      3.7100000e-07      5.8378446e+09
      3.7300000e-07      5.5141001e+09
      3.7500000e-07      6.1093723e+09
      3.7700000e-07      6.5897674e+09
      3.7900000e-07      7.1745962e+09
      3.8100000e-07      7.7698683e+09
      3.8300000e-07      6.0467120e+09
      3.8500000e-07      7.9787358e+09
      3.8700000e-07      8.3024803e+09
      3.8900000e-07      6.8508516e+09
      3.9100000e-07      8.1353863e+09
      3.9300000e-07      4.8039508e+09
      3.9500000e-07      7.1745962e+09
      3.9700000e-07      4.9919315e+09
      3.9900000e-07      8.5740079e+09
      4.0100000e-07      9.0544030e+09
      4.0300000e-07      9.1588367e+09
      4.0500000e-07      9.0021861e+09
      4.0700000e-07      8.8350922e+09
      4.0900000e-07      8.7306585e+09
      4.1100000e-07      7.7698683e+09
      4.1300000e-07      9.1066199e+09
      4.1500000e-07      9.3677041e+09
      4.1700000e-07      9.3154873e+09
      4.1900000e-07      9.2110536e+09
      4.2100000e-07      9.1588367e+09
      4.2300000e-07      8.8873091e+09
      4.2500000e-07      9.0544030e+09
      4.2700000e-07      8.7828753e+09
      4.2900000e-07      8.5740079e+09
      4.3100000e-07      7.8220852e+09
      4.3300000e-07      8.2502634e+09
      4.3500000e-07      7.5505575e+09
      4.3700000e-07      9.1588367e+09
      4.3900000e-07      8.8350922e+09
      4.4100000e-07      8.9395259e+09
      4.4300000e-07      8.8873091e+09
      4.4500000e-07      8.8873091e+09
      4.4700000e-07      9.0544030e+09
      4.4900000e-07      8.9395259e+09
      4.5100000e-07      9.4825812e+09
      4.5300000e-07      8.8873091e+09
      4.5500000e-07      8.9395259e+09
      4.5700000e-07      9.3154873e+09
      4.5900000e-07      8.8873091e+09
      4.6100000e-07      9.0544030e+09
      4.6300000e-07      8.8873091e+09
      4.6500000e-07      8.9395259e+09
      4.6700000e-07      9.0544030e+09
      4.6900000e-07      8.8873091e+09
      4.7100000e-07      8.5113477e+09
      4.7300000e-07      8.8873091e+09
      4.7500000e-07      8.9395259e+09
      4.7700000e-07      8.8350922e+09
      4.7900000e-07      8.7828753e+09
      4.8100000e-07      8.6784416e+09
      4.8300000e-07      8.6784416e+09
      4.8500000e-07      7.8220852e+09
      4.8700000e-07      6.6942011e+09
      4.8900000e-07      8.2502634e+09
      4.9100000e-07      8.3024803e+09
      4.9300000e-07      8.1980465e+09
      4.9500000e-07      8.3546971e+09
      4.9700000e-07      8.4591308e+09
      4.9900000e-07      7.9787358e+09
      5.0100000e-07      7.7698683e+09
      5.0300000e-07      8.0831695e+09
      5.0500000e-07      8.0309526e+09
      5.0700000e-07      8.1980465e+09
      5.0900000e-07      8.0309526e+09
      5.1100000e-07      8.0831695e+09
      5.1300000e-07      7.8743020e+09
      5.1500000e-07      7.7072081e+09
      5.1700000e-07      7.4461238e+09
      5.1900000e-07      7.3939070e+09
      5.2100000e-07      7.6027744e+09
      5.2300000e-07      7.6549912e+09
      5.2500000e-07      7.7698683e+09
      5.2700000e-07      7.1745962e+09
      5.2900000e-07      7.6027744e+09
      5.3100000e-07      7.6549912e+09
      5.3300000e-07      7.2790299e+09
      5.3500000e-07      7.5505575e+09
      5.3700000e-07      7.4983407e+09
      5.3900000e-07      7.4461238e+09
      5.4100000e-07      7.2268130e+09
      5.4300000e-07      7.3416901e+09
      5.4500000e-07      7.3939070e+09
      5.4700000e-07      7.2790299e+09
      5.4900000e-07      7.3416901e+09
      5.5100000e-07      7.2790299e+09
      5.5300000e-07      7.2268130e+09
      5.5500000e-07      7.2268130e+09
      5.5700000e-07      7.0701624e+09
      5.5900000e-07      7.0179456e+09
      5.6100000e-07      7.0701624e+09
      5.6300000e-07      7.0701624e+09
      5.6500000e-07      7.0701624e+09
      5.6700000e-07      6.9135119e+09
      5.6900000e-07      6.9657287e+09
      5.7100000e-07      6.8508516e+09
      5.7300000e-07      7.0701624e+09
      5.7500000e-07      6.9135119e+09
      5.7700000e-07      6.9135119e+09
      5.7900000e-07      6.7986348e+09
      5.8100000e-07      6.8508516e+09
      5.8300000e-07      6.8508516e+09
      5.8500000e-07      6.7464179e+09
      5.8700000e-07      6.6942011e+09
      5.8900000e-07      6.5375505e+09
      5.9100000e-07      6.6419842e+09
      5.9300000e-07      6.5897674e+09
      5.9500000e-07      6.5897674e+09
      5.9700000e-07      6.5375505e+09
      5.9900000e-07      6.4853336e+09
      6.0100000e-07      6.3704566e+09
      6.0300000e-07      6.3704566e+09
      6.0500000e-07      6.4226734e+09
      6.0700000e-07      6.3704566e+09
      6.0900000e-07      6.2660228e+09
      6.1100000e-07      6.2138060e+09
      6.1300000e-07      6.0467120e+09
      6.1500000e-07      6.0467120e+09
      6.1700000e-07      5.9944952e+09
      6.1900000e-07      6.1093723e+09
      6.2100000e-07      6.1093723e+09
      6.2300000e-07      5.9944952e+09
      6.2500000e-07      5.8378446e+09
      6.2700000e-07      5.9944952e+09
      6.2900000e-07      5.9422783e+09
      6.3100000e-07      5.8378446e+09
      6.3300000e-07      5.8378446e+09
      6.3500000e-07      5.7856278e+09
      6.3700000e-07      5.7856278e+09
      6.3900000e-07      5.7856278e+09
      6.4100000e-07      5.6185338e+09
      6.4300000e-07      5.6185338e+09
      6.4500000e-07      5.5663170e+09
      6.4700000e-07      5.5663170e+09
      6.4900000e-07      5.4618832e+09
      6.5100000e-07      5.5141001e+09
      6.5300000e-07      5.4096664e+09
      6.5500000e-07      5.0023749e+09
      6.5700000e-07      4.1460184e+09
      6.5900000e-07      5.2216857e+09
      6.6100000e-07      5.3574495e+09
      6.6300000e-07      5.3574495e+09
      6.6500000e-07      5.3365628e+09
      6.6700000e-07      5.2843459e+09
      6.6900000e-07      5.3052327e+09
      6.7100000e-07      5.2425724e+09
      6.7300000e-07      5.2425724e+09
      6.7500000e-07      5.1799122e+09
      6.7700000e-07      5.1694688e+09
      6.7900000e-07      5.1381387e+09
      6.8100000e-07      5.0963652e+09
      6.8300000e-07      5.0754785e+09
      6.8500000e-07      5.0023749e+09
      6.8700000e-07      5.0232616e+09
      6.8900000e-07      4.9919315e+09
      6.9100000e-07      4.9606014e+09
      6.9300000e-07      4.9292713e+09
      6.9500000e-07      4.9083846e+09
      6.9700000e-07      4.8770544e+09
      6.9900000e-07      4.8561677e+09
      7.0100000e-07      4.7517340e+09
      7.0300000e-07      4.7726207e+09
      7.0500000e-07      4.7621774e+09
      7.0700000e-07      4.7308472e+09
      7.0900000e-07      4.6995171e+09
      7.1100000e-07      4.6368569e+09
      7.1300000e-07      4.6159702e+09
      7.1500000e-07      4.5846400e+09
      7.1700000e-07      4.5533099e+09
      7.1900000e-07      4.4906497e+09
      7.2100000e-07      4.5115364e+09
      7.2300000e-07      4.4802063e+09
      7.2500000e-07      4.4697630e+09
      7.2700000e-07      4.4593196e+09
      7.2900000e-07      4.3653292e+09
      7.3100000e-07      4.3757726e+09
      7.3300000e-07      4.3548859e+09
      7.3500000e-07      4.3548859e+09
      7.3700000e-07      4.3339991e+09
      7.3900000e-07      4.2608955e+09
      7.4100000e-07      4.1773486e+09
      7.4300000e-07      4.2086787e+09
      7.4500000e-07      4.2086787e+09
      7.4700000e-07      4.1877919e+09
      7.4900000e-07      4.1564618e+09
      7.5100000e-07      4.1355751e+09
      7.5300000e-07      4.1251317e+09
      7.5500000e-07      4.1251317e+09
      7.5700000e-07      4.0833582e+09
      7.5900000e-07      4.0624715e+09
      7.6100000e-07      4.0311414e+09
      7.6300000e-07      4.0206980e+09
      7.6500000e-07      3.9893679e+09
      7.6700000e-07      3.9162643e+09
      7.6900000e-07      3.9371510e+09
      7.7100000e-07      3.8953775e+09
      7.7300000e-07      3.8953775e+09
      7.7500000e-07      3.8536040e+09
      7.7700000e-07      3.8118306e+09
      7.7900000e-07      3.8536040e+09
      7.8100000e-07      3.8222739e+09
      7.8300000e-07      3.7805004e+09
      7.8500000e-07      3.7387270e+09
      7.8700000e-07      3.7491703e+09
      7.8900000e-07      3.7282836e+09
      7.9100000e-07      3.6969535e+09
      7.9300000e-07      3.6447366e+09
      7.9500000e-07      3.6342932e+09
      7.9700000e-07      3.6551800e+09
      7.9900000e-07      3.6342932e+09
      8.0100000e-07      3.5925198e+09
      8.0300000e-07      3.5820764e+09
      8.0500000e-07      3.5507463e+09
      8.0700000e-07      3.5507463e+09
      8.0900000e-07      3.5089728e+09
      8.1100000e-07      3.5089728e+09
      8.1300000e-07      3.4985294e+09
      8.1500000e-07      3.4776427e+09
      8.1700000e-07      3.4567559e+09
      8.1900000e-07      3.3732090e+09
      8.2100000e-07      3.3732090e+09
      8.2300000e-07      3.3523222e+09
      8.2500000e-07      3.3523222e+09
      8.2700000e-07      3.3627656e+09
      8.2900000e-07      3.3418788e+09
      8.3100000e-07      3.3001054e+09
      8.3300000e-07      3.2478885e+09
      8.3500000e-07      3.2687752e+09
      8.3700000e-07      3.2583319e+09
      8.3900000e-07      3.2061150e+09
      8.4100000e-07      3.2165584e+09
      8.4300000e-07      3.1747849e+09
      8.4500000e-07      3.1434548e+09
      8.4700000e-07      3.1121247e+09
      8.4900000e-07      3.1225680e+09
      8.5100000e-07      2.9868042e+09
      8.5300000e-07      3.1121247e+09
      8.5500000e-07      2.8719271e+09
      8.5700000e-07      3.1121247e+09
      8.5900000e-07      3.0076910e+09
      8.6100000e-07      2.9763608e+09
      8.6300000e-07      3.0599078e+09
      8.6500000e-07      3.0181343e+09
      8.6700000e-07      2.7152766e+09
      8.6900000e-07      2.9554741e+09
      8.7100000e-07      2.9972476e+09
      8.7300000e-07      2.9554741e+09
      8.7500000e-07      2.7466067e+09
      8.7700000e-07      2.9137006e+09
      8.7900000e-07      2.9450307e+09
      8.8100000e-07      2.9032572e+09
      8.8300000e-07      2.8823705e+09
      8.8500000e-07      2.8092669e+09
      8.8700000e-07      2.6212862e+09
      8.8900000e-07      2.8510404e+09
      8.9100000e-07      2.8510404e+09
      8.9300000e-07      2.8197103e+09
      8.9500000e-07      2.8301536e+09
      8.9700000e-07      2.8092669e+09
      8.9900000e-07      2.7779368e+09
      9.0100000e-07      2.5168525e+09
      9.0300000e-07      2.6526163e+09
      9.0500000e-07      2.7570500e+09
      9.0700000e-07      2.6943898e+09
      9.0900000e-07      2.6421730e+09
      9.1100000e-07      2.6839465e+09
      9.1300000e-07      2.7048332e+09
      9.1500000e-07      2.6943898e+09
      9.1700000e-07      2.6735031e+09
      9.1900000e-07      2.6630597e+09
      9.2100000e-07      2.5795127e+09
      9.2300000e-07      2.3184285e+09
      9.2500000e-07      2.5272959e+09
      9.2700000e-07      2.5690694e+09
      9.2900000e-07      2.6003995e+09
      9.3100000e-07      2.5899561e+09
      9.3300000e-07      2.5690694e+09
      9.3500000e-07      2.5586260e+09
      9.3700000e-07      2.5481826e+09
      9.3900000e-07      2.5377393e+09
      9.4100000e-07      2.4333055e+09
      9.4300000e-07      2.4959658e+09
      9.4500000e-07      2.4750790e+09
      9.4700000e-07      2.4750790e+09
      9.4900000e-07      2.4646357e+09
      9.5100000e-07      2.4437489e+09
      9.5300000e-07      2.3810887e+09
      9.5500000e-07      2.1304478e+09
      9.5700000e-07      2.3602019e+09
      9.5900000e-07      2.3915321e+09
      9.6100000e-07      2.3706453e+09
      9.6300000e-07      2.3497586e+09
      9.6500000e-07      2.3497586e+09
      9.6700000e-07      2.3288718e+09
      9.6900000e-07      2.3288718e+09
      9.7100000e-07      2.3393152e+09
      9.7300000e-07      2.3288718e+09
      9.7500000e-07      2.2870983e+09
      9.7700000e-07      2.2870983e+09
      9.7900000e-07      2.2766550e+09
      9.8100000e-07      2.2662116e+09
      9.8300000e-07      2.2557682e+09
      9.8500000e-07      2.2453249e+09
      9.8700000e-07      2.2244381e+09
      9.8900000e-07      2.2139947e+09
      9.9100000e-07      2.2035514e+09
      9.9300000e-07      2.2035514e+09
      9.9500000e-07      2.1931080e+09
      9.9700000e-07      2.1826646e+09
      9.9900000e-07      2.1722213e+09
      1.0025000e-06      2.0991177e+09
      1.0075000e-06      2.0155707e+09
      1.0125000e-06      2.0886743e+09
      1.0175000e-06      2.0573442e+09
      1.0225000e-06      2.0469008e+09
      1.0275000e-06      2.0260141e+09
      1.0325000e-06      1.9946839e+09
      1.0375000e-06      1.9737972e+09
      1.0425000e-06      1.9529105e+09
      1.0475000e-06      1.9111370e+09
      1.0525000e-06      1.9006936e+09
      1.0575000e-06      1.8693635e+09
      1.0625000e-06      1.8484767e+09
      1.0675000e-06      1.7962599e+09
      1.0725000e-06      1.7962599e+09
      1.0775000e-06      1.7753731e+09
      1.0825000e-06      1.7440430e+09
      1.0875000e-06      1.7231563e+09
      1.0925000e-06      1.5978358e+09
      1.0975000e-06      1.6500527e+09
      1.1025000e-06      1.6813828e+09
      1.1075000e-06      1.6604961e+09
      1.1125000e-06      1.6396093e+09
      1.1175000e-06      1.6187226e+09
      1.1225000e-06      1.6082792e+09
      1.1275000e-06      1.5665057e+09
      1.1325000e-06      1.5560623e+09
      1.1375000e-06      1.5456190e+09
      1.1425000e-06      1.5142889e+09
      1.1475000e-06      1.5142889e+09
      1.1525000e-06      1.5038455e+09
      1.1575000e-06      1.4829587e+09
      1.1625000e-06      1.4411853e+09
      1.1675000e-06      1.4202985e+09
      1.1725000e-06      1.4307419e+09
      1.1775000e-06      1.3889684e+09
      1.1825000e-06      1.3785250e+09
      1.1875000e-06      1.3576383e+09
      1.1925000e-06      1.3680817e+09
      1.1975000e-06      1.3367515e+09
      1.2025000e-06      1.3367515e+09
      1.2075000e-06      1.3158648e+09
      1.2125000e-06      1.3054214e+09
      1.2175000e-06      1.2949781e+09
      1.2225000e-06      1.2845347e+09
      1.2275000e-06      1.2636479e+09
      1.2325000e-06      1.2532046e+09
      1.2375000e-06      1.2323178e+09
      1.2425000e-06      1.2218745e+09
      1.2475000e-06      1.2114311e+09
      1.2525000e-06      1.1905443e+09
      1.2575000e-06      1.1801010e+09
      1.2625000e-06      1.1696576e+09
      1.2675000e-06      1.1592142e+09
      1.2725000e-06      1.1487709e+09
      1.2775000e-06      1.1174407e+09
      1.2825000e-06      1.0067410e+09
      1.2875000e-06      1.0965540e+09
      1.2925000e-06      1.0965540e+09
      1.2975000e-06      1.0861106e+09
      1.3025000e-06      1.0756673e+09
      1.3075000e-06      1.0652239e+09
      1.3125000e-06      1.0547805e+09
      1.3175000e-06      1.0391155e+09
      1.3225000e-06      1.0338938e+09
      1.3275000e-06      1.0171844e+09
      1.3325000e-06      1.0119627e+09
      1.3375000e-06      1.0015193e+09
      1.3425000e-06      9.9107595e+08
      1.3475000e-06      9.7958824e+08
      1.3525000e-06      9.6914487e+08
      1.3575000e-06      9.5347981e+08
      1.3625000e-06      9.4825812e+08
      1.3675000e-06      9.3677041e+08
      1.3725000e-06      9.2110536e+08
      1.3775000e-06      9.1588367e+08
      1.3825000e-06      9.1066199e+08
      1.3875000e-06      9.0544030e+08
      1.3925000e-06      8.9395259e+08
      1.3975000e-06      8.8350922e+08
      1.4025000e-06      8.7306585e+08
      1.4075000e-06      8.6784416e+08
      1.4125000e-06      8.5113477e+08
      1.4175000e-06      8.5113477e+08
      1.4225000e-06      8.3546971e+08
      1.4275000e-06      8.2502634e+08
      1.4325000e-06      8.2502634e+08
      1.4375000e-06      8.1980465e+08
      1.4425000e-06      7.8743020e+08
      1.4475000e-06      7.9787358e+08
      1.4525000e-06      7.8220852e+08
      1.4570000e-06      7.8220852e+08
      1.4620000e-06      7.7698683e+08
      1.4675000e-06      7.7698683e+08
      1.4725000e-06      7.6549912e+08
      1.4775000e-06      7.5505575e+08
      1.4825000e-06      7.4983407e+08
      1.4875000e-06      7.3416901e+08
      1.4925000e-06      7.3416901e+08
      1.4975000e-06      7.2268130e+08
      1.5025000e-06      7.0701624e+08
      1.5075000e-06      7.0179456e+08
      1.5125000e-06      7.0179456e+08
      1.5175000e-06      6.9657287e+08
      1.5225000e-06      6.7986348e+08
      1.5275000e-06      6.7986348e+08
      1.5325000e-06      6.6942011e+08
      1.5375000e-06      6.6419842e+08
      1.5425000e-06      6.5375505e+08
      1.5475000e-06      6.5375505e+08
      1.5525000e-06      6.4226734e+08
      1.5575000e-06      6.3182397e+08
      1.5625000e-06      6.3704566e+08
      1.5675000e-06      6.2138060e+08
      1.5725000e-06      6.1093723e+08
      1.5775000e-06      6.1093723e+08
      1.5825000e-06      6.0467120e+08
      1.5875000e-06      5.7856278e+08
      1.5925000e-06      5.9422783e+08
      1.5975000e-06      5.9422783e+08
      1.6050000e-06      5.8378446e+08
      1.6150000e-06      5.6185338e+08
      1.6250000e-06      5.6811940e+08
      1.6350000e-06      5.4618832e+08
      1.6450000e-06      5.2321291e+08
      1.6550000e-06      5.3470062e+08
      1.6650000e-06      5.2425724e+08
      1.6750000e-06      5.0128183e+08
      1.6850000e-06      4.7726207e+08
      1.6950000e-06      4.9292713e+08
      1.7050000e-06      4.8143942e+08
      1.7150000e-06      4.7308472e+08
      1.7250000e-06      4.5741967e+08
      1.7350000e-06      4.2191220e+08
      1.7450000e-06      4.3653292e+08
      1.7550000e-06      4.3339991e+08
      1.7650000e-06      4.2504522e+08
      1.7750000e-06      4.1773486e+08
      1.7850000e-06      4.0938016e+08
      1.7950000e-06      4.0311414e+08
      1.8050000e-06      3.9162643e+08
      1.8150000e-06      3.6134065e+08
      1.8250000e-06      3.7073968e+08
      1.8350000e-06      3.7073968e+08
      1.8450000e-06      3.6238499e+08
      1.8550000e-06      3.5611896e+08
      1.8650000e-06      3.4671993e+08
      1.8750000e-06      3.1538982e+08
      1.8850000e-06      3.3314355e+08
      1.8950000e-06      3.2583319e+08
      1.9050000e-06      3.2583319e+08
      1.9150000e-06      3.1852283e+08
      1.9250000e-06      3.1225680e+08
      1.9350000e-06      3.0390211e+08
      1.9450000e-06      2.7883802e+08
      1.9550000e-06      2.9450307e+08
      1.9650000e-06      2.9032572e+08
      1.9750000e-06      2.8405970e+08
      1.9850000e-06      2.8092669e+08
      1.9950000e-06      2.7570500e+08
      2.0050000e-06      2.7048332e+08
      2.0150000e-06      2.6630597e+08
      2.0250000e-06      2.6108429e+08
      2.0350000e-06      2.5586260e+08
      2.0450000e-06      2.5272959e+08
      2.0550000e-06      2.4855224e+08
      2.0650000e-06      2.4228622e+08
      2.0750000e-06      2.3915321e+08
      2.0850000e-06      2.3497586e+08
      2.0950000e-06      2.3079851e+08
      2.1050000e-06      2.2662116e+08
      2.1150000e-06      2.2244381e+08
      2.1250000e-06      2.1931080e+08
      2.1350000e-06      2.1617779e+08
      2.1450000e-06      2.1200044e+08
      2.1550000e-06      2.0782309e+08
      2.1650000e-06      1.9006936e+08
      2.1750000e-06      1.9946839e+08
      2.1850000e-06      1.9737972e+08
      2.1950000e-06      1.9529105e+08
      2.2050000e-06      1.9111370e+08
      2.2150000e-06      1.8902502e+08
      2.2250000e-06      1.8589201e+08
      2.2350000e-06      1.8275900e+08
      2.2450000e-06      1.7962599e+08
      2.2550000e-06      1.7649298e+08
      2.2650000e-06      1.7335997e+08
      2.2750000e-06      1.7127129e+08
      2.2850000e-06      1.6813828e+08
      2.2950000e-06      1.6604961e+08
      2.3050000e-06      1.6396093e+08
      2.3150000e-06      1.6082792e+08
      2.3250000e-06      1.5873925e+08
      2.3350000e-06      1.5560623e+08
      2.3450000e-06      1.5351756e+08
      2.3550000e-06      1.5142889e+08
      2.3650000e-06      1.4934021e+08
      2.3750000e-06      1.4620720e+08
      2.3850000e-06      1.4307419e+08
      2.3950000e-06      1.4098551e+08
      2.4050000e-06      1.3889684e+08
      2.4150000e-06      1.3680817e+08
      2.4250000e-06      1.3471949e+08
      2.4350000e-06      1.3263082e+08
      2.4450000e-06      1.3054214e+08
      2.4550000e-06      1.2845347e+08
      2.4650000e-06      1.2740913e+08
      2.4750000e-06      1.2427612e+08
      2.4850000e-06      1.2218745e+08
      2.4950000e-06      1.2009877e+08
      2.5050000e-06      1.2009877e+08
      2.5150000e-06      1.1801010e+08
      2.5250000e-06      1.1592142e+08
      2.5350000e-06      1.1383275e+08
      2.5450000e-06      1.1278841e+08
      2.5550000e-06      1.1069974e+08
      2.5650000e-06      1.0861106e+08
      2.5750000e-06      1.0756673e+08
      2.5850000e-06      1.0652239e+08
      2.5950000e-06      1.0547805e+08
      2.6050000e-06      1.0286721e+08
      2.6150000e-06      1.0015193e+08
      2.6250000e-06      9.3154873e+07
      2.6350000e-06      9.7958824e+07
      2.6450000e-06      9.7436655e+07
      2.6550000e-06      9.6392318e+07
      2.6650000e-06      9.4303644e+07
      2.6750000e-06      9.1588367e+07
      2.6850000e-06      9.2110536e+07
      2.6950000e-06      9.1588367e+07
      2.7050000e-06      9.0021861e+07
      2.7150000e-06      8.8873091e+07
      2.7250000e-06      8.7828753e+07
      2.7350000e-06      8.6262248e+07
      2.7450000e-06      8.5113477e+07
      2.7550000e-06      8.1980465e+07
      2.7650000e-06      8.1980465e+07
      2.7750000e-06      8.1980465e+07
      2.7850000e-06      8.0831695e+07
      2.7950000e-06      7.9787358e+07
      2.8050000e-06      7.8743020e+07
      2.8150000e-06      7.7698683e+07
      2.8250000e-06      7.6549912e+07
      2.8350000e-06      7.5505575e+07
      2.8450000e-06      7.4461238e+07
      2.8550000e-06      7.3416901e+07
      2.8650000e-06      7.1745962e+07
      2.8750000e-06      6.9135119e+07
      2.8850000e-06      7.0179456e+07
      2.8950000e-06      6.9657287e+07
      2.9050000e-06      6.9135119e+07
      2.9150000e-06      6.7986348e+07
      2.9250000e-06      6.6942011e+07
      2.9350000e-06      6.6419842e+07
      2.9450000e-06      6.5375505e+07
      2.9550000e-06      6.4853336e+07
      2.9650000e-06      6.3704566e+07
      2.9750000e-06      6.3182397e+07
      2.9850000e-06      6.2138060e+07
      2.9950000e-06      6.1093723e+07
      3.0050000e-06      6.0467120e+07
      3.0150000e-06      5.9944952e+07
      3.0250000e-06      5.8900615e+07
      3.0350000e-06      5.6185338e+07
      3.0450000e-06      5.6185338e+07
      3.0550000e-06      5.6811940e+07
      3.0650000e-06      5.6185338e+07
      3.0750000e-06      5.5663170e+07
      3.0850000e-06      5.4618832e+07
      3.0950000e-06      5.4096664e+07
      3.1050000e-06      5.3470062e+07
      3.1150000e-06      5.2530158e+07
      3.1250000e-06      5.2112423e+07
      3.1350000e-06      5.1590255e+07
      3.1450000e-06      5.0963652e+07
      3.1550000e-06      5.0232616e+07
      3.1650000e-06      4.9710448e+07
      3.1750000e-06      4.9083846e+07
      3.1850000e-06      4.8561677e+07
      3.1950000e-06      4.8039508e+07
      3.2100000e-06      4.7099605e+07
      3.2300000e-06      4.6055268e+07
      3.2500000e-06      4.5010931e+07
      3.2700000e-06      4.3862160e+07
      3.2900000e-06      4.1460184e+07
      3.3100000e-06      4.1669052e+07
      3.3300000e-06      4.0938016e+07
      3.3500000e-06      4.0102546e+07
      3.3700000e-06      3.9058209e+07
      3.3900000e-06      3.8222739e+07
      3.4100000e-06      3.7282836e+07
      3.4300000e-06      3.6551800e+07
      3.4500000e-06      3.5820764e+07
      3.4700000e-06      3.4985294e+07
      3.4900000e-06      3.4254258e+07
      3.5100000e-06      3.3523222e+07
      3.5300000e-06      3.2792186e+07
      3.5500000e-06      3.2061150e+07
      3.5700000e-06      3.1330114e+07
      3.5900000e-06      3.0703512e+07
      3.6100000e-06      3.0076910e+07
      3.6300000e-06      2.9450307e+07
      3.6500000e-06      2.8719271e+07
      3.6700000e-06      2.8197103e+07
      3.6900000e-06      2.7466067e+07
      3.7100000e-06      2.6943898e+07
      3.7300000e-06      2.6108429e+07
      3.7500000e-06      2.5272959e+07
      3.7700000e-06      2.5377393e+07
      3.7900000e-06      2.4855224e+07
      3.8100000e-06      2.4333055e+07
      3.8300000e-06      2.3915321e+07
      3.8500000e-06      2.3497586e+07
      3.8700000e-06      2.2975417e+07
      3.8900000e-06      2.2557682e+07
      3.9100000e-06      2.2035514e+07
      3.9300000e-06      2.1722213e+07
      3.9500000e-06      2.1304478e+07
      3.9700000e-06      2.0886743e+07
      3.9900000e-06      2.0364574e+07
      4.0100000e-06      1.9946839e+07
      4.0300000e-06      1.9529105e+07
      4.0500000e-06      1.8693635e+07
      4.0700000e-06      1.8902502e+07
      4.0900000e-06      1.8589201e+07
      4.1100000e-06      1.8275900e+07
      4.1300000e-06      1.7962599e+07
      4.1500000e-06      1.7544864e+07
      4.1700000e-06      1.7127129e+07
      4.1900000e-06      1.6918262e+07
      4.2100000e-06      1.6604961e+07
      4.2300000e-06      1.6291659e+07
      4.2500000e-06      1.5978358e+07
      4.2700000e-06      1.5769491e+07
      4.2900000e-06      1.5456190e+07
      4.3100000e-06      1.5247322e+07
      4.3300000e-06      1.4934021e+07
      4.3500000e-06      1.4620720e+07
      4.3700000e-06      1.4202985e+07
      4.3900000e-06      1.4098551e+07
      4.4100000e-06      1.3785250e+07
      4.4300000e-06      1.3576383e+07
      4.4500000e-06      1.3367515e+07
      4.4700000e-06      1.3158648e+07
      4.4900000e-06      1.2949781e+07
      4.5100000e-06      1.2740913e+07
      4.5300000e-06      1.2427612e+07
      4.5500000e-06      1.2218745e+07
      4.5700000e-06      1.2009877e+07
      4.5900000e-06      1.1801010e+07
      4.6100000e-06      1.1696576e+07
      4.6300000e-06      1.1487709e+07
      4.6500000e-06      1.0965540e+07
      4.6700000e-06      1.0861106e+07
      4.6900000e-06      1.0965540e+07
      4.7100000e-06      1.0756673e+07
      4.7300000e-06      1.0652239e+07
      4.7500000e-06      1.0391155e+07
      4.7700000e-06      1.0224061e+07
      4.7900000e-06      1.0067410e+07
      4.8100000e-06      9.9107595e+06
      4.8300000e-06      9.7436655e+06
      4.8500000e-06      9.5870149e+06
      4.8700000e-06      9.4303644e+06
      4.8900000e-06      9.3154873e+06
      4.9100000e-06      9.1588367e+06
      4.9300000e-06      9.0021861e+06
      4.9500000e-06      8.8350922e+06
      4.9700000e-06      8.7306585e+06
      4.9900000e-06      8.5740079e+06
      5.0100000e-06      8.4591308e+06
      5.0300000e-06      8.3024803e+06
      5.0500000e-06      8.1980465e+06
      5.0700000e-06      8.0831695e+06
      5.0900000e-06      7.9265189e+06
      5.1100000e-06      7.8220852e+06
      5.1300000e-06      7.5505575e+06
      5.1500000e-06      7.6027744e+06
      5.1700000e-06      7.4983407e+06
      5.1900000e-06      7.3939070e+06
      5.2100000e-06      7.2268130e+06
      5.2300000e-06      7.1223793e+06
      5.2500000e-06      7.0701624e+06
      5.2700000e-06      6.9657287e+06
      5.2900000e-06      6.8508516e+06
      5.3100000e-06      6.7464179e+06
      5.3300000e-06      6.6419842e+06
      5.3500000e-06      6.5375505e+06
      5.3700000e-06      6.4226734e+06
      5.3900000e-06      6.3704566e+06
      5.4100000e-06      6.2660228e+06
      5.4300000e-06      6.1615891e+06
      5.4500000e-06      6.1093723e+06
      5.4700000e-06      5.9944952e+06
      5.4900000e-06      5.8900615e+06
      5.5100000e-06      5.8378446e+06
      5.5300000e-06      5.7334109e+06
      5.5500000e-06      5.6811940e+06
      5.5700000e-06      5.5663170e+06
      5.5900000e-06      5.5141001e+06
      5.6100000e-06      5.4618832e+06
      5.6300000e-06      5.3574495e+06
      5.6500000e-06      5.2947893e+06
      5.6700000e-06      5.2216857e+06
      5.6900000e-06      5.1485821e+06
      5.7100000e-06      5.0754785e+06
      5.7300000e-06      5.0128183e+06
      5.7500000e-06      4.9397147e+06
      5.7700000e-06      4.8770544e+06
      5.7900000e-06      4.8143942e+06
      5.8100000e-06      4.7412906e+06
      5.8300000e-06      4.6786304e+06
      5.8500000e-06      4.6264135e+06
      5.8700000e-06      4.5533099e+06
      5.8900000e-06      4.4802063e+06
      5.9100000e-06      4.3339991e+06
      5.9300000e-06      4.3757726e+06
      5.9500000e-06      4.3131124e+06
      5.9700000e-06      4.2713389e+06
      5.9900000e-06      4.2086787e+06
      6.0100000e-06      4.1564618e+06
      6.0300000e-06      4.1042450e+06
      6.0500000e-06      4.0520281e+06
      6.0700000e-06      3.9998112e+06
      6.0900000e-06      3.9475944e+06
      6.1100000e-06      3.8849342e+06
      6.1300000e-06      3.8431607e+06
      6.1500000e-06      3.8013872e+06
      6.1700000e-06      3.7491703e+06
      6.1900000e-06      3.7073968e+06
      6.2100000e-06      3.6551800e+06
      6.2300000e-06      3.6029631e+06
      6.2500000e-06      3.5716330e+06
      6.2700000e-06      3.5194162e+06
      6.2900000e-06      3.4776427e+06
      6.3100000e-06      3.4358692e+06
      6.3300000e-06      3.3940957e+06
      6.3500000e-06      3.3523222e+06
      6.3700000e-06      3.3105487e+06
      6.3900000e-06      3.2687752e+06
      6.4200000e-06      3.2061150e+06
      6.4600000e-06      3.1330114e+06
      6.5000000e-06      3.0599078e+06
      6.5400000e-06      2.9868042e+06
      6.5800000e-06      2.9137006e+06
      6.6200000e-06      2.8405970e+06
      6.6600000e-06      2.7779368e+06
      6.7000000e-06      2.7152766e+06
      6.7400000e-06      2.6526163e+06
      6.7800000e-06      2.5899561e+06
      6.8200000e-06      2.5377393e+06
      6.8600000e-06      2.4750790e+06
      6.9000000e-06      2.4124188e+06
      6.9400000e-06      2.3602019e+06
      6.9800000e-06      2.3184285e+06
      7.0200000e-06      2.2557682e+06
      7.0600000e-06      2.2139947e+06
      7.1000000e-06      2.1617779e+06
      7.1400000e-06      2.1200044e+06
      7.1800000e-06      2.0677875e+06
      7.2200000e-06      2.0260141e+06
      7.2600000e-06      1.9842406e+06
      7.3000000e-06      1.9424671e+06
      7.3400000e-06      1.9006936e+06
      7.3800000e-06      1.8589201e+06
      7.4200000e-06      1.8171466e+06
      7.4600000e-06      1.7544864e+06
      7.5000000e-06      1.7231563e+06
      7.5400000e-06      1.7022695e+06
      7.5800000e-06      1.6709394e+06
      7.6200000e-06      1.6396093e+06
      7.6600000e-06      1.5978358e+06
      7.7000000e-06      1.5665057e+06
      7.7400000e-06      1.5351756e+06
      7.7800000e-06      1.5142889e+06
      7.8200000e-06      1.4829587e+06
      7.8600000e-06      1.4516286e+06
      7.9000000e-06      1.4202985e+06
      7.9400000e-06      1.3889684e+06
      7.9800000e-06      1.3680817e+06
      8.0200000e-06      1.3367515e+06
      8.0600000e-06      1.3158648e+06
      8.1000000e-06      1.2845347e+06
      8.1400000e-06      1.2636479e+06
      8.1800000e-06      1.2323178e+06
      8.2200000e-06      1.2114311e+06
      8.2600000e-06      1.1905443e+06
      8.3000000e-06      1.1696576e+06
      8.3400000e-06      1.1487709e+06
      8.3800000e-06      1.1278841e+06
      8.4200000e-06      1.1069974e+06
      8.4600000e-06      1.0861106e+06
      8.5000000e-06      1.0652239e+06
      8.5400000e-06      1.0443371e+06
      8.5800000e-06      1.0286721e+06
      8.6200000e-06      1.0067410e+06
      8.6600000e-06      9.9107595e+05
      8.7000000e-06      9.6914487e+05
      8.7400000e-06      9.5347981e+05
      8.7800000e-06      9.3677041e+05
      8.8200000e-06      9.2110536e+05
      8.8600000e-06      9.0544030e+05
      8.9000000e-06      8.8873091e+05
      8.9400000e-06      8.7306585e+05
      8.9800000e-06      8.5740079e+05
      9.0200000e-06      8.4069140e+05
      9.0600000e-06      8.3024803e+05
      9.1000000e-06      8.1353863e+05
      9.1400000e-06      7.9787358e+05
      9.1800000e-06      7.8743020e+05
      9.2200000e-06      7.7072081e+05
      9.2600000e-06      7.6027744e+05
      9.3000000e-06      7.4461238e+05
      9.3400000e-06      7.3416901e+05
      9.3800000e-06      7.2268130e+05
      9.4200000e-06      7.1223793e+05
      9.4600000e-06      6.9657287e+05
      9.5000000e-06      6.8508516e+05
      9.5400000e-06      6.7464179e+05
      9.5800000e-06      6.6419842e+05
      9.6200000e-06      6.5375505e+05
      9.6600000e-06      6.4226734e+05
      9.7000000e-06      6.3182397e+05
      9.7400000e-06      6.2138060e+05
      9.7800000e-06      6.1093723e+05
      9.8200000e-06      5.9944952e+05
      9.8600000e-06      5.9422783e+05
      9.9000000e-06      5.8378446e+05
      9.9400000e-06      5.7334109e+05
      9.9800000e-06      5.6811940e+05
      1.0020000e-05      5.5663170e+05
      2.0000000e-05      3.5820764e+04
      4.0000000e-05      2.2348815e+03
      6.0000000e-05      4.3966594e+02
      8.0000000e-05      1.3785250e+02
      1.0000000e-04      5.6185338e+01
      1.2000000e-04      2.6943898e+01
      1.4000000e-04      1.4516286e+01
      1.6000000e-04      8.4591308e+00
*END
