*BLOCK: TYPE =    0: SUBTYPE =    0: VERSION =    2
Summary of spectral data.
Number of spectral bands =   300
Total number of gaseous absorbers =     1
Maximum number of k-terms in a band =     6
List of indexing numbers and absorbers.
Index       Absorber(identifier and name)
    1           6       Methane             
*END
*BLOCK: TYPE =    1: SUBTYPE =    0: VERSION =    0
Specification of spectral intervals
Limits of spectral intervals (wavelengths in m.)
Band        Lower limit         Upper limit
    1        5.000000000E-04     1.000000000E-02
    2        2.500000000E-04     5.000000000E-04
    3        1.666666667E-04     2.500000000E-04
    4        1.250000000E-04     1.666666667E-04
    5        1.000000000E-04     1.250000000E-04
    6        8.333333333E-05     1.000000000E-04
    7        7.142857143E-05     8.333333333E-05
    8        6.250000000E-05     7.142857143E-05
    9        5.555555556E-05     6.250000000E-05
   10        5.000000000E-05     5.555555556E-05
   11        4.545454545E-05     5.000000000E-05
   12        4.166666667E-05     4.545454545E-05
   13        3.846153846E-05     4.166666667E-05
   14        3.571428571E-05     3.846153846E-05
   15        3.333333333E-05     3.571428571E-05
   16        3.125000000E-05     3.333333333E-05
   17        2.941176471E-05     3.125000000E-05
   18        2.777777778E-05     2.941176471E-05
   19        2.631578947E-05     2.777777778E-05
   20        2.500000000E-05     2.631578947E-05
   21        2.380952381E-05     2.500000000E-05
   22        2.272727273E-05     2.380952381E-05
   23        2.173913043E-05     2.272727273E-05
   24        2.083333333E-05     2.173913043E-05
   25        2.000000000E-05     2.083333333E-05
   26        1.923076923E-05     2.000000000E-05
   27        1.851851852E-05     1.923076923E-05
   28        1.785714286E-05     1.851851852E-05
   29        1.724137931E-05     1.785714286E-05
   30        1.666666667E-05     1.724137931E-05
   31        1.612903226E-05     1.666666667E-05
   32        1.562500000E-05     1.612903226E-05
   33        1.515151515E-05     1.562500000E-05
   34        1.470588235E-05     1.515151515E-05
   35        1.428571429E-05     1.470588235E-05
   36        1.388888889E-05     1.428571429E-05
   37        1.351351351E-05     1.388888889E-05
   38        1.315789474E-05     1.351351351E-05
   39        1.282051282E-05     1.315789474E-05
   40        1.250000000E-05     1.282051282E-05
   41        1.219512195E-05     1.250000000E-05
   42        1.190476190E-05     1.219512195E-05
   43        1.162790698E-05     1.190476190E-05
   44        1.136363636E-05     1.162790698E-05
   45        1.111111111E-05     1.136363636E-05
   46        1.086956522E-05     1.111111111E-05
   47        1.063829787E-05     1.086956522E-05
   48        1.041666667E-05     1.063829787E-05
   49        1.020408163E-05     1.041666667E-05
   50        1.000000000E-05     1.020408163E-05
   51        9.803921569E-06     1.000000000E-05
   52        9.615384615E-06     9.803921569E-06
   53        9.433962264E-06     9.615384615E-06
   54        9.259259259E-06     9.433962264E-06
   55        9.090909091E-06     9.259259259E-06
   56        8.928571429E-06     9.090909091E-06
   57        8.771929825E-06     8.928571429E-06
   58        8.620689655E-06     8.771929825E-06
   59        8.474576271E-06     8.620689655E-06
   60        8.333333333E-06     8.474576271E-06
   61        8.196721311E-06     8.333333333E-06
   62        8.064516129E-06     8.196721311E-06
   63        7.936507937E-06     8.064516129E-06
   64        7.812500000E-06     7.936507937E-06
   65        7.692307692E-06     7.812500000E-06
   66        7.575757576E-06     7.692307692E-06
   67        7.462686567E-06     7.575757576E-06
   68        7.352941176E-06     7.462686567E-06
   69        7.246376812E-06     7.352941176E-06
   70        7.142857143E-06     7.246376812E-06
   71        7.042253521E-06     7.142857143E-06
   72        6.944444444E-06     7.042253521E-06
   73        6.849315068E-06     6.944444444E-06
   74        6.756756757E-06     6.849315068E-06
   75        6.666666667E-06     6.756756757E-06
   76        6.578947368E-06     6.666666667E-06
   77        6.493506494E-06     6.578947368E-06
   78        6.410256410E-06     6.493506494E-06
   79        6.329113924E-06     6.410256410E-06
   80        6.250000000E-06     6.329113924E-06
   81        6.172839506E-06     6.250000000E-06
   82        6.097560976E-06     6.172839506E-06
   83        6.024096386E-06     6.097560976E-06
   84        5.952380952E-06     6.024096386E-06
   85        5.882352941E-06     5.952380952E-06
   86        5.813953488E-06     5.882352941E-06
   87        5.747126437E-06     5.813953488E-06
   88        5.681818182E-06     5.747126437E-06
   89        5.617977528E-06     5.681818182E-06
   90        5.555555556E-06     5.617977528E-06
   91        5.494505495E-06     5.555555556E-06
   92        5.434782609E-06     5.494505495E-06
   93        5.376344086E-06     5.434782609E-06
   94        5.319148936E-06     5.376344086E-06
   95        5.263157895E-06     5.319148936E-06
   96        5.208333333E-06     5.263157895E-06
   97        5.154639175E-06     5.208333333E-06
   98        5.102040816E-06     5.154639175E-06
   99        5.050505051E-06     5.102040816E-06
  100        5.000000000E-06     5.050505051E-06
  101        4.950495050E-06     5.000000000E-06
  102        4.901960784E-06     4.950495050E-06
  103        4.854368932E-06     4.901960784E-06
  104        4.807692308E-06     4.854368932E-06
  105        4.761904762E-06     4.807692308E-06
  106        4.716981132E-06     4.761904762E-06
  107        4.672897196E-06     4.716981132E-06
  108        4.629629630E-06     4.672897196E-06
  109        4.587155963E-06     4.629629630E-06
  110        4.545454545E-06     4.587155963E-06
  111        4.504504505E-06     4.545454545E-06
  112        4.464285714E-06     4.504504505E-06
  113        4.424778761E-06     4.464285714E-06
  114        4.385964912E-06     4.424778761E-06
  115        4.347826087E-06     4.385964912E-06
  116        4.310344828E-06     4.347826087E-06
  117        4.273504274E-06     4.310344828E-06
  118        4.237288136E-06     4.273504274E-06
  119        4.201680672E-06     4.237288136E-06
  120        4.166666667E-06     4.201680672E-06
  121        4.132231405E-06     4.166666667E-06
  122        4.098360656E-06     4.132231405E-06
  123        4.065040650E-06     4.098360656E-06
  124        4.032258065E-06     4.065040650E-06
  125        4.000000000E-06     4.032258065E-06
  126        3.968253968E-06     4.000000000E-06
  127        3.937007874E-06     3.968253968E-06
  128        3.906250000E-06     3.937007874E-06
  129        3.875968992E-06     3.906250000E-06
  130        3.846153846E-06     3.875968992E-06
  131        3.816793893E-06     3.846153846E-06
  132        3.787878788E-06     3.816793893E-06
  133        3.759398496E-06     3.787878788E-06
  134        3.731343284E-06     3.759398496E-06
  135        3.703703704E-06     3.731343284E-06
  136        3.676470588E-06     3.703703704E-06
  137        3.649635036E-06     3.676470588E-06
  138        3.623188406E-06     3.649635036E-06
  139        3.597122302E-06     3.623188406E-06
  140        3.571428571E-06     3.597122302E-06
  141        3.546099291E-06     3.571428571E-06
  142        3.521126761E-06     3.546099291E-06
  143        3.496503497E-06     3.521126761E-06
  144        3.472222222E-06     3.496503497E-06
  145        3.448275862E-06     3.472222222E-06
  146        3.424657534E-06     3.448275862E-06
  147        3.401360544E-06     3.424657534E-06
  148        3.378378378E-06     3.401360544E-06
  149        3.355704698E-06     3.378378378E-06
  150        3.333333333E-06     3.355704698E-06
  151        3.278688525E-06     3.333333333E-06
  152        3.225806452E-06     3.278688525E-06
  153        3.174603175E-06     3.225806452E-06
  154        3.125000000E-06     3.174603175E-06
  155        3.076923077E-06     3.125000000E-06
  156        3.030303030E-06     3.076923077E-06
  157        2.985074627E-06     3.030303030E-06
  158        2.941176471E-06     2.985074627E-06
  159        2.898550725E-06     2.941176471E-06
  160        2.857142857E-06     2.898550725E-06
  161        2.816901408E-06     2.857142857E-06
  162        2.777777778E-06     2.816901408E-06
  163        2.739726027E-06     2.777777778E-06
  164        2.702702703E-06     2.739726027E-06
  165        2.666666667E-06     2.702702703E-06
  166        2.631578947E-06     2.666666667E-06
  167        2.597402597E-06     2.631578947E-06
  168        2.564102564E-06     2.597402597E-06
  169        2.531645570E-06     2.564102564E-06
  170        2.500000000E-06     2.531645570E-06
  171        2.469135802E-06     2.500000000E-06
  172        2.439024390E-06     2.469135802E-06
  173        2.409638554E-06     2.439024390E-06
  174        2.380952381E-06     2.409638554E-06
  175        2.352941176E-06     2.380952381E-06
  176        2.325581395E-06     2.352941176E-06
  177        2.298850575E-06     2.325581395E-06
  178        2.272727273E-06     2.298850575E-06
  179        2.247191011E-06     2.272727273E-06
  180        2.222222222E-06     2.247191011E-06
  181        2.197802198E-06     2.222222222E-06
  182        2.173913043E-06     2.197802198E-06
  183        2.150537634E-06     2.173913043E-06
  184        2.127659574E-06     2.150537634E-06
  185        2.105263158E-06     2.127659574E-06
  186        2.083333333E-06     2.105263158E-06
  187        2.061855670E-06     2.083333333E-06
  188        2.040816327E-06     2.061855670E-06
  189        2.020202020E-06     2.040816327E-06
  190        2.000000000E-06     2.020202020E-06
  191        1.980198020E-06     2.000000000E-06
  192        1.960784314E-06     1.980198020E-06
  193        1.941747573E-06     1.960784314E-06
  194        1.923076923E-06     1.941747573E-06
  195        1.904761905E-06     1.923076923E-06
  196        1.886792453E-06     1.904761905E-06
  197        1.869158879E-06     1.886792453E-06
  198        1.851851852E-06     1.869158879E-06
  199        1.834862385E-06     1.851851852E-06
  200        1.818181818E-06     1.834862385E-06
  201        1.801801802E-06     1.818181818E-06
  202        1.785714286E-06     1.801801802E-06
  203        1.769911504E-06     1.785714286E-06
  204        1.754385965E-06     1.769911504E-06
  205        1.739130435E-06     1.754385965E-06
  206        1.724137931E-06     1.739130435E-06
  207        1.709401709E-06     1.724137931E-06
  208        1.694915254E-06     1.709401709E-06
  209        1.680672269E-06     1.694915254E-06
  210        1.666666667E-06     1.680672269E-06
  211        1.652892562E-06     1.666666667E-06
  212        1.639344262E-06     1.652892562E-06
  213        1.626016260E-06     1.639344262E-06
  214        1.612903226E-06     1.626016260E-06
  215        1.600000000E-06     1.612903226E-06
  216        1.587301587E-06     1.600000000E-06
  217        1.574803150E-06     1.587301587E-06
  218        1.562500000E-06     1.574803150E-06
  219        1.550387597E-06     1.562500000E-06
  220        1.538461538E-06     1.550387597E-06
  221        1.526717557E-06     1.538461538E-06
  222        1.515151515E-06     1.526717557E-06
  223        1.503759398E-06     1.515151515E-06
  224        1.492537313E-06     1.503759398E-06
  225        1.481481481E-06     1.492537313E-06
  226        1.470588235E-06     1.481481481E-06
  227        1.459854015E-06     1.470588235E-06
  228        1.449275362E-06     1.459854015E-06
  229        1.438848921E-06     1.449275362E-06
  230        1.428571429E-06     1.438848921E-06
  231        1.418439716E-06     1.428571429E-06
  232        1.408450704E-06     1.418439716E-06
  233        1.398601399E-06     1.408450704E-06
  234        1.388888889E-06     1.398601399E-06
  235        1.379310345E-06     1.388888889E-06
  236        1.369863014E-06     1.379310345E-06
  237        1.360544218E-06     1.369863014E-06
  238        1.351351351E-06     1.360544218E-06
  239        1.342281879E-06     1.351351351E-06
  240        1.333333333E-06     1.342281879E-06
  241        1.324503311E-06     1.333333333E-06
  242        1.315789474E-06     1.324503311E-06
  243        1.307189542E-06     1.315789474E-06
  244        1.298701299E-06     1.307189542E-06
  245        1.290322581E-06     1.298701299E-06
  246        1.282051282E-06     1.290322581E-06
  247        1.273885350E-06     1.282051282E-06
  248        1.265822785E-06     1.273885350E-06
  249        1.257861635E-06     1.265822785E-06
  250        1.250000000E-06     1.257861635E-06
  251        1.242236025E-06     1.250000000E-06
  252        1.234567901E-06     1.242236025E-06
  253        1.226993865E-06     1.234567901E-06
  254        1.219512195E-06     1.226993865E-06
  255        1.212121212E-06     1.219512195E-06
  256        1.204819277E-06     1.212121212E-06
  257        1.197604790E-06     1.204819277E-06
  258        1.190476190E-06     1.197604790E-06
  259        1.183431953E-06     1.190476190E-06
  260        1.176470588E-06     1.183431953E-06
  261        1.169590643E-06     1.176470588E-06
  262        1.162790698E-06     1.169590643E-06
  263        1.156069364E-06     1.162790698E-06
  264        1.149425287E-06     1.156069364E-06
  265        1.142857143E-06     1.149425287E-06
  266        1.136363636E-06     1.142857143E-06
  267        1.129943503E-06     1.136363636E-06
  268        1.123595506E-06     1.129943503E-06
  269        1.117318436E-06     1.123595506E-06
  270        1.111111111E-06     1.117318436E-06
  271        1.052631579E-06     1.111111111E-06
  272        1.000000000E-06     1.052631579E-06
  273        9.523809524E-07     1.000000000E-06
  274        9.090909091E-07     9.523809524E-07
  275        8.695652174E-07     9.090909091E-07
  276        8.333333333E-07     8.695652174E-07
  277        8.000000000E-07     8.333333333E-07
  278        7.692307692E-07     8.000000000E-07
  279        7.407407407E-07     7.692307692E-07
  280        7.142857143E-07     7.407407407E-07
  281        6.896551724E-07     7.142857143E-07
  282        6.666666667E-07     6.896551724E-07
  283        6.451612903E-07     6.666666667E-07
  284        6.250000000E-07     6.451612903E-07
  285        6.060606061E-07     6.250000000E-07
  286        5.882352941E-07     6.060606061E-07
  287        5.714285714E-07     5.882352941E-07
  288        5.555555556E-07     5.714285714E-07
  289        5.405405405E-07     5.555555556E-07
  290        5.263157895E-07     5.405405405E-07
  291        5.128205128E-07     5.263157895E-07
  292        5.000000000E-07     5.128205128E-07
  293        4.878048780E-07     5.000000000E-07
  294        4.761904762E-07     4.878048780E-07
  295        4.651162791E-07     4.761904762E-07
  296        4.545454545E-07     4.651162791E-07
  297        4.444444444E-07     4.545454545E-07
  298        4.347826087E-07     4.444444444E-07
  299        4.255319149E-07     4.347826087E-07
  300        4.166666667E-07     4.255319149E-07
*END
*BLOCK: TYPE =    2: SUBTYPE =    0: VERSION =    0
Normalized solar flux in each spectral interval.
Band        Normalized flux
    1        2.013274194E-09
    2        1.409291936E-08
    3        7.243863933E-08
    4        1.939279760E-07
    5        3.113420385E-07
    6        4.580005954E-07
    7        6.338800922E-07
    8        8.394569993E-07
    9        1.074585732E-06
   10        1.339284393E-06
   11        1.634307215E-06
   12        1.959613531E-06
   13        2.313906969E-06
   14        2.697734027E-06
   15        3.110257189E-06
   16        3.551767144E-06
   17        4.022156518E-06
   18        4.521131335E-06
   19        5.048366498E-06
   20        5.604479435E-06
   21        6.188958938E-06
   22        6.801771684E-06
   23        7.442989050E-06
   24        8.112063333E-06
   25        8.809651982E-06
   26        9.538962102E-06
   27        1.029255885E-05
   28        1.107525300E-05
   29        1.188452874E-05
   30        1.272155765E-05
   31        1.358546240E-05
   32        1.447878582E-05
   33        1.539939091E-05
   34        1.633929061E-05
   35        1.731888873E-05
   36        1.831560442E-05
   37        1.934217706E-05
   38        2.039569143E-05
   39        2.147434507E-05
   40        2.258431090E-05
   41        2.370957154E-05
   42        2.487962481E-05
   43        2.605696398E-05
   44        2.727254155E-05
   45        2.850267301E-05
   46        2.977214884E-05
   47        3.105910528E-05
   48        3.237080482E-05
   49        3.371530000E-05
   50        3.507580630E-05
   51        3.644287741E-05
   52        3.785218534E-05
   53        3.929390529E-05
   54        4.076585116E-05
   55        4.223924729E-05
   56        4.374797441E-05
   57        4.528510770E-05
   58        4.686302158E-05
   59        4.845987443E-05
   60        5.005745173E-05
   61        5.171184069E-05
   62        5.334438448E-05
   63        5.505485724E-05
   64        5.678207625E-05
   65        5.849618680E-05
   66        6.026019352E-05
   67        6.194844290E-05
   68        6.375943640E-05
   69        6.563085311E-05
   70        6.749464561E-05
   71        6.936316158E-05
   72        7.122439310E-05
   73        7.315554857E-05
   74        7.505428625E-05
   75        7.702769405E-05
   76        7.903531529E-05
   77        8.101162439E-05
   78        8.291546146E-05
   79        8.498717956E-05
   80        8.693763494E-05
   81        8.892121676E-05
   82        9.099477310E-05
   83        9.303588940E-05
   84        9.502057847E-05
   85        9.687672689E-05
   86        9.914035362E-05
   87        1.012401379E-04
   88        1.032856232E-04
   89        1.052662735E-04
   90        1.073201823E-04
   91        1.093969729E-04
   92        1.113474339E-04
   93        1.135728362E-04
   94        1.157607378E-04
   95        1.178761394E-04
   96        1.199813655E-04
   97        1.223724102E-04
   98        1.242278323E-04
   99        1.266673795E-04
  100        1.290067467E-04
  101        1.313388849E-04
  102        1.334652274E-04
  103        1.359258374E-04
  104        1.384567873E-04
  105        1.401574186E-04
  106        1.427742707E-04
  107        1.447403844E-04
  108        1.459639959E-04
  109        1.482432418E-04
  110        1.511056392E-04
  111        1.531667423E-04
  112        1.559853809E-04
  113        1.602242265E-04
  114        1.623290991E-04
  115        1.659779240E-04
  116        1.727405123E-04
  117        1.760762392E-04
  118        1.814075460E-04
  119        1.839676046E-04
  120        1.868117360E-04
  121        1.899690160E-04
  122        1.931772857E-04
  123        1.955843790E-04
  124        1.971176195E-04
  125        2.012470475E-04
  126        2.040257223E-04
  127        2.075434873E-04
  128        2.111522874E-04
  129        2.138107328E-04
  130        2.169534700E-04
  131        2.201362149E-04
  132        2.225360538E-04
  133        2.255221755E-04
  134        2.255877587E-04
  135        2.315490527E-04
  136        2.334939198E-04
  137        2.386102354E-04
  138        2.425322316E-04
  139        2.460646018E-04
  140        2.488759340E-04
  141        2.519895099E-04
  142        2.554308712E-04
  143        2.591161756E-04
  144        2.620804648E-04
  145        2.655837402E-04
  146        2.686172097E-04
  147        2.713118870E-04
  148        2.743346217E-04
  149        2.784385630E-04
  150        2.820583992E-04
  151        7.158560488E-04
  152        7.424325406E-04
  153        7.647557782E-04
  154        7.858990168E-04
  155        8.073044612E-04
  156        8.275481692E-04
  157        8.537645217E-04
  158        8.771107937E-04
  159        8.993975703E-04
  160        9.195394100E-04
  161        9.460722428E-04
  162        9.693895315E-04
  163        9.882605506E-04
  164        1.014618600E-03
  165        1.037597158E-03
  166        1.064239280E-03
  167        1.084130517E-03
  168        1.104329506E-03
  169        1.125258558E-03
  170        1.159118326E-03
  171        1.175268989E-03
  172        1.201704056E-03
  173        1.226074252E-03
  174        1.249502491E-03
  175        1.273759290E-03
  176        1.301100509E-03
  177        1.330085478E-03
  178        1.352302850E-03
  179        1.377112983E-03
  180        1.411839863E-03
  181        1.440037192E-03
  182        1.465280889E-03
  183        1.469750998E-03
  184        1.515409953E-03
  185        1.528149487E-03
  186        1.546208041E-03
  187        1.575996885E-03
  188        1.617833753E-03
  189        1.646796516E-03
  190        1.689181637E-03
  191        1.708935982E-03
  192        1.730722755E-03
  193        1.742505862E-03
  194        1.798961314E-03
  195        1.821236277E-03
  196        1.841643539E-03
  197        1.851516706E-03
  198        1.905659647E-03
  199        1.918272036E-03
  200        1.949872321E-03
  201        1.980439157E-03
  202        2.016346230E-03
  203        2.030910333E-03
  204        2.061804872E-03
  205        2.090017686E-03
  206        2.103459446E-03
  207        2.147469031E-03
  208        2.176214199E-03
  209        2.190820409E-03
  210        2.223628922E-03
  211        2.255165631E-03
  212        2.250560975E-03
  213        2.298873956E-03
  214        2.298869271E-03
  215        2.321816141E-03
  216        2.323199315E-03
  217        2.356084420E-03
  218        2.379379218E-03
  219        2.380272268E-03
  220        2.390231283E-03
  221        2.400672886E-03
  222        2.409897704E-03
  223        2.400524750E-03
  224        2.438099461E-03
  225        2.418250250E-03
  226        2.426578702E-03
  227        2.440529567E-03
  228        2.435126668E-03
  229        2.435183919E-03
  230        2.459212159E-03
  231        2.452017905E-03
  232        2.468604928E-03
  233        2.466246589E-03
  234        2.478876102E-03
  235        2.477358032E-03
  236        2.476834293E-03
  237        2.482936003E-03
  238        2.480452450E-03
  239        2.492038502E-03
  240        2.506162439E-03
  241        2.514226400E-03
  242        2.547840084E-03
  243        2.541921551E-03
  244        2.567553936E-03
  245        2.581531138E-03
  246        2.565667121E-03
  247        2.608061428E-03
  248        2.614577379E-03
  249        2.615110510E-03
  250        2.620359540E-03
  251        2.621266589E-03
  252        2.622937165E-03
  253        2.630206086E-03
  254        2.647377495E-03
  255        2.653993334E-03
  256        2.629960051E-03
  257        2.624065511E-03
  258        2.664389391E-03
  259        2.633243322E-03
  260        2.629655848E-03
  261        2.645438583E-03
  262        2.631136074E-03
  263        2.635152339E-03
  264        2.650472571E-03
  265        2.650841475E-03
  266        2.630553046E-03
  267        2.650265694E-03
  268        2.635352531E-03
  269        2.647071408E-03
  270        2.644275209E-03
  271        2.643783321E-02
  272        2.682314831E-02
  273        2.718572236E-02
  274        2.728392967E-02
  275        2.720279100E-02
  276        2.630255156E-02
  277        2.660615191E-02
  278        2.635767067E-02
  279        2.595342263E-02
  280        2.560826767E-02
  281        2.534503027E-02
  282        2.513089772E-02
  283        2.435830371E-02
  284        2.427463657E-02
  285        2.359808764E-02
  286        2.298010689E-02
  287        2.262367250E-02
  288        2.118306464E-02
  289        2.042583055E-02
  290        1.946119970E-02
  291        1.804967956E-02
  292        1.792678557E-02
  293        1.737855674E-02
  294        1.662951193E-02
  295        1.619703146E-02
  296        1.559752416E-02
  297        1.468868936E-02
  298        1.283243101E-02
  299        1.053035166E-02
  300        1.130753604E-01
*END
*BLOCK: TYPE =    4: SUBTYPE =    0: VERSION =    0
Gaseous absorbers in each interval
(The number is the indexing number of the species as set out
 in the summary block 0.)
A zero indicates that there in no gaseous absorption in the interval.
Band        Number of active absorbers followed by indexing numbers
    1           1
         1
    2           1
         1
    3           1
         1
    4           1
         1
    5           1
         1
    6           1
         1
    7           1
         1
    8           1
         1
    9           1
         1
   10           1
         1
   11           1
         1
   12           1
         1
   13           1
         1
   14           1
         1
   15           1
         1
   16           1
         1
   17           1
         1
   18           1
         1
   19           1
         1
   20           1
         1
   21           1
         1
   22           1
         1
   23           1
         1
   24           1
         1
   25           1
         1
   26           1
         1
   27           1
         1
   28           1
         1
   29           1
         1
   30           1
         1
   31           1
         1
   32           1
         1
   33           1
         1
   34           1
         1
   35           1
         1
   36           1
         1
   37           1
         1
   38           1
         1
   39           1
         1
   40           1
         1
   41           1
         1
   42           1
         1
   43           1
         1
   44           1
         1
   45           1
         1
   46           1
         1
   47           1
         1
   48           1
         1
   49           1
         1
   50           1
         1
   51           1
         1
   52           1
         1
   53           1
         1
   54           1
         1
   55           1
         1
   56           1
         1
   57           1
         1
   58           1
         1
   59           1
         1
   60           1
         1
   61           1
         1
   62           1
         1
   63           1
         1
   64           1
         1
   65           1
         1
   66           1
         1
   67           1
         1
   68           1
         1
   69           1
         1
   70           1
         1
   71           1
         1
   72           1
         1
   73           1
         1
   74           1
         1
   75           1
         1
   76           1
         1
   77           1
         1
   78           1
         1
   79           1
         1
   80           1
         1
   81           1
         1
   82           1
         1
   83           1
         1
   84           1
         1
   85           1
         1
   86           1
         1
   87           1
         1
   88           1
         1
   89           1
         1
   90           1
         1
   91           1
         1
   92           1
         1
   93           1
         1
   94           1
         1
   95           1
         1
   96           1
         1
   97           1
         1
   98           1
         1
   99           1
         1
  100           1
         1
  101           1
         1
  102           1
         1
  103           1
         1
  104           1
         1
  105           1
         1
  106           1
         1
  107           1
         1
  108           1
         1
  109           1
         1
  110           1
         1
  111           1
         1
  112           1
         1
  113           1
         1
  114           1
         1
  115           1
         1
  116           1
         1
  117           1
         1
  118           1
         1
  119           1
         1
  120           1
         1
  121           1
         1
  122           1
         1
  123           1
         1
  124           1
         1
  125           1
         1
  126           1
         1
  127           1
         1
  128           1
         1
  129           1
         1
  130           1
         1
  131           1
         1
  132           1
         1
  133           1
         1
  134           1
         1
  135           1
         1
  136           1
         1
  137           1
         1
  138           1
         1
  139           1
         1
  140           1
         1
  141           1
         1
  142           1
         1
  143           1
         1
  144           1
         1
  145           1
         1
  146           1
         1
  147           1
         1
  148           1
         1
  149           1
         1
  150           1
         1
  151           1
         1
  152           1
         1
  153           1
         1
  154           1
         1
  155           1
         1
  156           1
         1
  157           1
         1
  158           1
         1
  159           1
         1
  160           1
         1
  161           1
         1
  162           1
         1
  163           1
         1
  164           1
         1
  165           1
         1
  166           1
         1
  167           1
         1
  168           1
         1
  169           1
         1
  170           1
         1
  171           1
         1
  172           1
         1
  173           1
         1
  174           1
         1
  175           1
         1
  176           1
         1
  177           1
         1
  178           1
         1
  179           1
         1
  180           1
         1
  181           1
         1
  182           1
         1
  183           1
         1
  184           1
         1
  185           1
         1
  186           1
         1
  187           1
         1
  188           1
         1
  189           1
         1
  190           1
         1
  191           1
         1
  192           1
         1
  193           1
         1
  194           1
         1
  195           1
         1
  196           1
         1
  197           1
         1
  198           1
         1
  199           1
         1
  200           1
         1
  201           1
         1
  202           1
         1
  203           1
         1
  204           1
         1
  205           1
         1
  206           1
         1
  207           1
         1
  208           1
         1
  209           1
         1
  210           1
         1
  211           1
         1
  212           1
         1
  213           1
         1
  214           1
         1
  215           1
         1
  216           1
         1
  217           1
         1
  218           1
         1
  219           1
         1
  220           1
         1
  221           1
         1
  222           1
         1
  223           1
         1
  224           1
         1
  225           1
         1
  226           1
         1
  227           1
         1
  228           1
         1
  229           1
         1
  230           1
         1
  231           1
         1
  232           1
         1
  233           1
         1
  234           1
         1
  235           1
         1
  236           1
         1
  237           1
         1
  238           1
         1
  239           1
         1
  240           1
         1
  241           1
         1
  242           1
         1
  243           1
         1
  244           1
         1
  245           1
         1
  246           1
         1
  247           1
         1
  248           1
         1
  249           1
         1
  250           1
         1
  251           1
         1
  252           1
         1
  253           1
         1
  254           1
         1
  255           1
         1
  256           1
         1
  257           1
         1
  258           1
         1
  259           1
         1
  260           1
         1
  261           1
         1
  262           1
         1
  263           1
         1
  264           1
         1
  265           1
         1
  266           1
         1
  267           1
         1
  268           1
         1
  269           1
         1
  270           1
         1
  271           1
         1
  272           1
         1
  273           1
         1
  274           1
         1
  275           1
         1
  276           1
         1
  277           1
         1
  278           1
         1
  279           1
         1
  280           1
         1
  281           1
         1
  282           1
         1
  283           1
         1
  284           1
         1
  285           1
         1
  286           1
         1
  287           1
         1
  288           1
         1
  289           1
         1
  290           1
         1
  291           1
         1
  292           1
         1
  293           1
         1
  294           1
         1
  295           1
         1
  296           1
         1
  297           1
         1
  298           1
         1
  299           1
         1
  300           1
         1
*END
*BLOCK: TYPE =    5: SUBTYPE =    0: version =    1
Exponential sum fiting coefficients: (exponents: m2/kg)
Band        Gas, Number of k-terms, Scaling type and scaling function,
             followed by reference pressure and temperature,
                   k-terms, weights and scaling parameters.
    1           1           1           2           9
           7           8
    5.534398411E-04    1.000000000E+00
    2           1           1           2           9
           7           8
    3.319061848E-03    1.000000000E+00
    3           1           1           2           9
           7           8
    1.245735522E-02    1.000000000E+00
    4           1           1           2           9
           7           8
    2.018794163E-02    1.000000000E+00
    5           1           1           2           9
           7           8
    3.138520835E-02    1.000000000E+00
    6           1           1           2           9
           7           8
    4.670491755E-02    1.000000000E+00
    7           1           1           2           9
           7           8
    6.664525290E-02    1.000000000E+00
    8           1           1           2           9
           7           8
    9.151726710E-02    1.000000000E+00
    9           1           1           2           9
           7           8
    1.063669265E-01    1.000000000E+00
   10           1           1           2           9
           7           8
    1.286317002E-01    1.000000000E+00
   11           1           1           2           9
           7           8
    1.380997196E-01    1.000000000E+00
   12           1           1           2           9
           7           8
    1.376143317E-01    1.000000000E+00
   13           1           1           2           9
           7           8
    1.537943296E-01    1.000000000E+00
   14           1           1           2           9
           7           8
    1.276714640E-01    1.000000000E+00
   15           1           1           2           9
           7           8
    1.190073049E-01    1.000000000E+00
   16           1           1           2           9
           7           8
    5.880491840E-02    1.000000000E+00
   17           1           1           2           9
           7           8
    5.388027935E-02    1.000000000E+00
   18           1           1           2           9
           7           8
    4.639325778E-02    1.000000000E+00
   19           1           1           2           9
           7           8
    4.077959767E-02    1.000000000E+00
   20           1           1           2           9
           7           8
    3.904037083E-02    1.000000000E+00
   21           1           1           2           9
           7           8
    2.984732111E-02    1.000000000E+00
   22           1           1           2           9
           7           8
    3.110795842E-02    1.000000000E+00
   23           1           1           2           9
           7           8
    2.055337445E-02    1.000000000E+00
   24           1           1           2           9
           7           8
    1.170388302E-02    1.000000000E+00
   25           1           1           2           9
           7           8
    7.835996104E-03    1.000000000E+00
   26           1           1           2           9
           7           8
    8.339649531E-03    1.000000000E+00
   27           1           1           2           9
           7           8
    9.767144503E-03    1.000000000E+00
   28           1           1           2           9
           7           8
    1.115712748E-02    1.000000000E+00
   29           1           1           2           9
           7           8
    9.714321152E-03    1.000000000E+00
   30           1           1           2           9
           7           8
    9.900109006E-03    1.000000000E+00
   31           1           1           2           9
           7           8
    1.172587596E-02    1.000000000E+00
   32           1           1           2           9
           7           8
    1.048975972E-02    1.000000000E+00
   33           1           1           2           9
           7           8
    1.108339541E-02    1.000000000E+00
   34           1           1           2           9
           7           8
    1.245083530E-02    1.000000000E+00
   35           1           1           2           9
           7           8
    9.274329205E-03    1.000000000E+00
   36           1           1           2           9
           7           8
    6.419472170E-03    1.000000000E+00
   37           1           1           2           9
           7           8
    5.747289256E-03    1.000000000E+00
   38           1           1           2           9
           7           8
    7.334788908E-04    1.000000000E+00
   39           1           1           2           9
           7           8
    1.273490131E-05    1.000000000E+00
   40           1           1           2           9
           7           8
    6.096169381E-05    1.000000000E+00
   41           1           1           2           9
           7           8
    1.117209892E-06    1.000000000E+00
   42           1           1           2           9
           7           8
    9.804901704E-05    1.000000000E+00
   43           1           1           2           9
           7           8
    4.217204410E-03    1.000000000E+00
   44           1           2           2           9
           7           8
    9.290630886E-03    4.644265719E-01
    2.308193882E-02    5.355734281E-01
   45           1           2           2           9
           7           8
    1.754618145E-02    5.399614170E-01
    4.387389292E-02    4.600385830E-01
   46           1           2           2           9
           7           8
    2.225083720E-02    5.399046008E-01
    4.979954921E-02    4.600953992E-01
   47           1           1           2           9
           7           8
    6.532920382E-02    1.000000000E+00
   48           1           2           2           9
           7           8
    1.109175877E-01    9.743765356E-01
    8.394556787E-01    2.562346440E-02
   49           1           2           2           9
           7           8
    2.083457375E-01    9.516042616E-01
    1.094710162E+00    4.839573843E-02
   50           1           3           2           9
           7           8
    3.388086554E-01    8.862555980E-01
    1.249847070E+00    1.062640810E-01
    6.403992947E+00    7.480320990E-03
   51           1           4           2           9
           7           8
    5.646123849E-01    8.130701628E-01
    2.216594670E+00    1.688752059E-01
    1.260762973E+01    1.504078662E-02
    5.829388771E+01    3.013844772E-03
   52           1           4           2           9
           7           8
    8.116649115E-01    8.405289445E-01
    3.443637988E+00    1.323509682E-01
    1.595569739E+01    2.411086115E-02
    1.147414108E+02    3.009226139E-03
   53           1           5           2           9
           7           8
    1.052724690E+00    7.319434194E-01
    3.683271716E+00    2.204070973E-01
    1.528452628E+01    3.810894698E-02
    4.562454368E+01    6.025469382E-03
    1.964737993E+02    3.515066927E-03
   54           1           4           2           9
           7           8
    1.939969677E+00    7.210790026E-01
    7.269345648E+00    2.303665431E-01
    3.204570781E+01    3.702911711E-02
    1.744199422E+02    1.152533725E-02
   55           1           5           2           9
           7           8
    2.115546145E+00    4.651825254E-01
    6.207277757E+00    4.377749061E-01
    2.694598220E+01    7.453121944E-02
    1.236665391E+02    1.549262068E-02
    3.735622691E+02    7.018728443E-03
   56           1           4           2           9
           7           8
    3.788294146E+00    5.421941245E-01
    1.077545080E+01    3.721249902E-01
    5.039942770E+01    5.963646330E-02
    3.239205860E+02    2.604442206E-02
   57           1           4           2           9
           7           8
    9.645718662E+00    7.058565542E-01
    3.717933583E+01    2.330320102E-01
    1.908290261E+02    4.157551683E-02
    8.330237133E+02    1.953591871E-02
   58           1           5           2           9
           7           8
    1.132607209E+01    5.044954870E-01
    3.850566500E+01    3.573047226E-01
    1.308213599E+02    8.611540749E-02
    4.647897859E+02    3.854970473E-02
    1.440651118E+03    1.353467817E-02
   59           1           5           2           9
           7           8
    1.548922380E+01    3.959364473E-01
    4.786557525E+01    4.270263168E-01
    1.622186976E+02    9.954949352E-02
    5.367819804E+02    5.898134419E-02
    1.636591196E+03    1.850639818E-02
   60           1           5           2           9
           7           8
    2.111663251E+01    4.079375742E-01
    6.031444442E+01    4.180306227E-01
    2.580114175E+02    1.050145732E-01
    9.272209433E+02    5.499269088E-02
    2.847975272E+03    1.402453906E-02
   61           1           5           2           9
           7           8
    1.876513460E+01    3.755083166E-01
    5.709000001E+01    4.319862369E-01
    2.145841368E+02    1.119761909E-01
    7.404607327E+02    5.549065423E-02
    2.523778417E+03    2.503860136E-02
   62           1           5           2           9
           7           8
    2.040622512E+01    2.985803340E-01
    5.804629610E+01    4.979487361E-01
    2.176062876E+02    1.129874739E-01
    7.945849459E+02    6.199797375E-02
    2.662313634E+03    2.848548219E-02
   63           1           5           2           9
           7           8
    2.203895686E+01    2.790134884E-01
    6.202856805E+01    5.189459844E-01
    2.670387498E+02    1.170135021E-01
    9.561725656E+02    6.753946663E-02
    3.373689248E+03    1.748755848E-02
   64           1           5           2           9
           7           8
    4.062072591E+01    3.593714832E-01
    9.351228111E+01    3.922813695E-01
    3.823131173E+02    1.637044305E-01
    1.219387264E+03    7.263635775E-02
    4.152724343E+03    1.200635903E-02
   65           1           4           2           9
           7           8
    7.948797618E+01    3.234717388E-01
    2.353882409E+02    3.331143915E-01
    8.618595512E+02    2.617719787E-01
    2.711615488E+03    8.164189102E-02
   66           1           5           2           9
           7           8
    1.582604682E+01    3.435999985E-01
    6.460574435E+01    3.723298720E-01
    2.622729046E+02    1.666041580E-01
    9.792448531E+02    8.117289513E-02
    3.501059480E+03    3.629307647E-02
   67           1           4           2           9
           7           8
    2.781407872E+01    3.910061531E-01
    7.622371406E+01    4.433587825E-01
    4.717007255E+02    1.245609890E-01
    1.850308910E+03    4.107407539E-02
   68           1           4           2           9
           7           8
    5.943626409E+01    5.542493229E-01
    1.618881247E+02    2.862259656E-01
    8.063836896E+02    1.225010699E-01
    2.996016747E+03    3.702364153E-02
   69           1           4           2           9
           7           8
    6.539221266E+01    5.845290714E-01
    2.038753227E+02    2.365426016E-01
    7.939969107E+02    1.314250673E-01
    2.979737591E+03    4.750325968E-02
   70           1           5           2           9
           7           8
    1.982298617E+01    2.040961290E-01
    6.495656266E+01    5.397750191E-01
    2.668615720E+02    1.512940416E-01
    9.843827886E+02    7.936600918E-02
    3.296959198E+03    2.546880113E-02
   71           1           5           2           9
           7           8
    1.499497251E+01    5.474919112E-01
    5.577902413E+01    3.424969016E-01
    2.267047432E+02    6.953001803E-02
    8.438611589E+02    3.498769019E-02
    3.456015642E+03    5.493479015E-03
   72           1           4           2           9
           7           8
    1.239281487E+01    6.009271720E-01
    4.410679760E+01    3.251577688E-01
    2.101454439E+02    6.443067864E-02
    1.158568380E+03    9.484380581E-03
   73           1           4           2           9
           7           8
    5.751523784E+00    7.321598476E-01
    1.785794025E+01    2.378870769E-01
    7.586005334E+01    2.746269527E-02
    3.909156275E+02    2.490380223E-03
   74           1           3           2           9
           7           8
    6.442557710E+00    8.164028225E-01
    1.938633729E+01    1.690818656E-01
    9.635542475E+01    1.451531188E-02
   75           1           4           2           9
           7           8
    2.047498372E+00    4.647443673E-01
    5.964722549E+00    4.678849592E-01
    2.199814265E+01    6.337518829E-02
    9.387079649E+01    3.995485175E-03
   76           1           3           2           9
           7           8
    2.495509291E+00    7.963836640E-01
    8.441783473E+00    1.841420299E-01
    5.273483213E+01    1.947430609E-02
   77           1           3           2           9
           7           8
    4.239819985E+00    6.384415645E-01
    1.218000468E+01    3.339839407E-01
    4.922298022E+01    2.757449481E-02
   78           1           3           2           9
           7           8
    1.267732379E+01    6.381354628E-01
    3.271415984E+01    3.333599510E-01
    1.188698733E+02    2.850458626E-02
   79           1           3           2           9
           7           8
    7.318627655E+00    7.966213447E-01
    2.732245383E+01    1.729052457E-01
    1.127808864E+02    3.047340962E-02
   80           1           3           2           9
           7           8
    4.439668681E+00    7.746849989E-01
    1.833132742E+01    1.968536379E-01
    9.063007682E+01    2.846136321E-02
   81           1           3           2           9
           7           8
    4.477607896E+00    7.775200484E-01
    1.608678822E+01    2.004881652E-01
    7.519448352E+01    2.199178642E-02
   82           1           3           2           9
           7           8
    5.137629243E+00    7.611333880E-01
    1.615904676E+01    2.178819114E-01
    6.854267711E+01    2.098470056E-02
   83           1           3           2           9
           7           8
    4.483331950E+00    7.896031182E-01
    1.398597571E+01    1.969264503E-01
    5.131705616E+01    1.347043144E-02
   84           1           2           2           9
           7           8
    3.377171503E+00    8.865540104E-01
    1.375011404E+01    1.134459896E-01
   85           1           3           2           9
           7           8
    2.100920141E+00    9.225618370E-01
    7.165542859E+00    7.344613826E-02
    3.417626777E+01    3.992024741E-03
   86           1           3           2           9
           7           8
    4.789580028E+00    7.302837631E-01
    1.418521031E+01    2.476812852E-01
    5.472870467E+01    2.203495179E-02
   87           1           3           2           9
           7           8
    1.348926337E+00    8.653256649E-01
    4.172177200E+00    1.237084846E-01
    1.722019736E+01    1.096585047E-02
   88           1           3           2           9
           7           8
    1.592121817E+00    8.553520002E-01
    5.961235046E+00    1.276360290E-01
    2.333224393E+01    1.701197075E-02
   89           1           3           2           9
           7           8
    2.331968240E+00    8.775301734E-01
    8.553657440E+00    1.094560413E-01
    4.146647378E+01    1.301378528E-02
   90           1           4           2           9
           7           8
    1.061360954E+00    8.116494085E-01
    3.287851477E+00    1.573655479E-01
    1.478994705E+01    2.798406047E-02
    6.101863231E+01    3.000983143E-03
   91           1           3           2           9
           7           8
    1.082681044E+00    9.063836562E-01
    6.109763368E+00    8.009762641E-02
    3.629650505E+01    1.351871742E-02
   92           1           4           2           9
           7           8
    1.045254087E+00    8.693707812E-01
    4.337918848E+00    1.060890551E-01
    2.042843213E+01    2.153344710E-02
    9.275535404E+01    3.006716658E-03
   93           1           4           2           9
           7           8
    8.203853260E-01    8.224819481E-01
    3.130898832E+00    1.380019972E-01
    1.709732196E+01    3.401224193E-02
    6.764530402E+01    5.503812772E-03
   94           1           4           2           9
           7           8
    6.189738279E-01    8.915448083E-01
    2.988980611E+00    8.946399446E-02
    1.665815910E+01    1.449410976E-02
    7.570101230E+01    4.497087516E-03
   95           1           5           2           9
           7           8
    5.595693589E-01    6.636586734E-01
    1.944104289E+00    2.413242956E-01
    6.713869300E+00    6.100503106E-02
    2.719725492E+01    2.701612923E-02
    8.286897027E+01    6.995870687E-03
   96           1           4           2           9
           7           8
    3.903238653E-02    5.015716878E-01
    1.406643206E-01    3.031052061E-01
    4.268859550E-01    1.694320072E-01
    1.346779521E+00    2.589109886E-02
   97           1           2           2           9
           7           8
    8.474819273E-03    4.365235150E-01
    2.252370324E-02    5.634764850E-01
   98           1           1           2           9
           7           8
    1.813197782E-02    1.000000000E+00
   99           1           2           2           9
           7           8
    6.838351417E-03    6.068859417E-01
    2.715411736E-02    3.931140583E-01
  100           1           1           2           9
           7           8
    5.415446941E-04    1.000000000E+00
  101           1           1           2           9
           7           8
    3.817448770E-06    1.000000000E+00
  102           1           1           2           9
           7           8
    0.000000000E+00    1.000000000E+00
  103           1           1           2           9
           7           8
    0.000000000E+00    1.000000000E+00
  104           1           1           2           9
           7           8
    3.108065710E-04    1.000000000E+00
  105           1           3           2           9
           7           8
    5.223491663E-03    6.852969456E-01
    3.578786311E-02    1.542649599E-01
    1.193560921E-01    1.604380946E-01
  106           1           1           2           9
           7           8
    5.941575758E-02    1.000000000E+00
  107           1           2           2           9
           7           8
    6.080650079E-02    8.288939557E-01
    1.542769860E-01    1.711060443E-01
  108           1           3           2           9
           7           8
    7.150795969E-02    7.060267122E-01
    1.940361997E-01    2.879769390E-01
    8.983748555E-01    5.996348878E-03
  109           1           4           2           9
           7           8
    1.257551605E-01    8.800587913E-01
    3.670606216E-01    1.029448006E-01
    1.233199282E+00    1.549495909E-02
    9.728357233E+00    1.501448950E-03
  110           1           3           2           9
           7           8
    1.531573822E-01    9.554914368E-01
    6.281890828E-01    4.200778796E-02
    3.257274115E+00    2.500775261E-03
  111           1           5           2           9
           7           8
    1.343054624E-01    6.894684951E-01
    3.993687552E-01    2.675130996E-01
    1.355248049E+00    3.851596754E-02
    3.115550974E+00    2.501121821E-03
    1.471535109E+01    2.001315920E-03
  112           1           4           2           9
           7           8
    1.769840426E-01    7.858999613E-01
    5.293844776E-01    1.725839668E-01
    1.624955916E+00    3.901629321E-02
    9.413562106E+00    2.499778687E-03
  113           1           4           2           9
           7           8
    1.902670108E-01    8.583968508E-01
    7.238516662E-01    1.230976761E-01
    2.616672600E+00    1.600511699E-02
    1.793065293E+01    2.500356096E-03
  114           1           4           2           9
           7           8
    2.115637060E-01    7.908054167E-01
    6.851213083E-01    1.876832610E-01
    1.970694248E+00    1.651046340E-02
    1.045582153E+01    5.000858947E-03
  115           1           3           2           9
           7           8
    2.957157160E-01    9.354726587E-01
    1.793065108E+00    5.852525108E-02
    1.457704865E+01    6.002090196E-03
  116           1           3           2           9
           7           8
    2.896930937E-01    9.344889796E-01
    1.458241977E+00    6.301158617E-02
    1.413109045E+01    2.499434228E-03
  117           1           3           2           9
           7           8
    3.732999748E-01    9.590378837E-01
    2.358311838E+00    3.496755978E-02
    1.813467298E+01    5.994556484E-03
  118           1           4           2           9
           7           8
    3.505371604E-01    7.792057270E-01
    1.313414421E+00    1.978176685E-01
    4.489690990E+00    1.798136332E-02
    1.579043080E+01    4.995241252E-03
  119           1           4           2           9
           7           8
    4.289809950E-01    7.416299405E-01
    1.405237703E+00    2.413799679E-01
    6.993195509E+00    1.499119431E-02
    4.076282543E+01    1.998897243E-03
  120           1           4           2           9
           7           8
    4.950198663E-01    7.575661621E-01
    1.525735071E+00    2.209365552E-01
    5.342584832E+00    1.799848052E-02
    2.031725490E+01    3.498802182E-03
  121           1           3           2           9
           7           8
    6.469710106E-01    8.780149000E-01
    2.386889893E+00    1.099873492E-01
    1.437997577E+01    1.199775082E-02
  122           1           3           2           9
           7           8
    5.069878131E-01    7.865229522E-01
    1.707804162E+00    1.939807851E-01
    7.398548193E+00    1.949626268E-02
  123           1           3           2           9
           7           8
    6.469786814E-01    8.504635498E-01
    2.449952071E+00    1.370371382E-01
    1.208784630E+01    1.249931195E-02
  124           1           2           2           9
           7           8
    8.788095945E-01    9.729802062E-01
    4.724832637E+00    2.701979377E-02
  125           1           1           2           9
           7           8
    1.040500513E+00    1.000000000E+00
  126           1           2           2           9
           7           8
    1.399887949E+00    9.559763514E-01
    5.721688349E+00    4.402364859E-02
  127           1           2           2           9
           7           8
    1.388609022E+00    9.704923782E-01
    7.605035259E+00    2.950762177E-02
  128           1           3           2           9
           7           8
    1.564320869E+00    8.214941802E-01
    3.863495805E+00    1.610010227E-01
    1.576976515E+01    1.750479708E-02
  129           1           4           2           9
           7           8
    1.327516884E+00    6.994148973E-01
    3.078250784E+00    2.640634628E-01
    1.220068603E+01    3.101798617E-02
    2.988261923E+01    5.503653751E-03
  130           1           3           2           9
           7           8
    1.597911296E+00    8.119293189E-01
    4.569796595E+00    1.675683985E-01
    1.888453389E+01    2.050228260E-02
  131           1           4           2           9
           7           8
    1.276053365E+00    6.535334707E-01
    3.502600797E+00    2.699665793E-01
    1.202261339E+01    5.549877870E-02
    3.510096984E+01    2.100117131E-02
  132           1           4           2           9
           7           8
    1.671673335E+00    5.989173422E-01
    4.581359443E+00    3.270691959E-01
    1.707670733E+01    6.301259701E-02
    5.799264220E+01    1.100086488E-02
  133           1           4           2           9
           7           8
    2.662091280E+00    5.570002273E-01
    6.372363075E+00    3.575009567E-01
    2.406946203E+01    7.249998223E-02
    6.712901129E+01    1.299883385E-02
  134           1           4           2           9
           7           8
    2.293840158E+00    4.784873174E-01
    5.471759910E+00    4.415150208E-01
    1.965202134E+01    7.349860261E-02
    6.686991034E+01    6.499059154E-03
  135           1           3           2           9
           7           8
    3.911240983E+00    7.705115477E-01
    1.287265635E+01    2.004890275E-01
    5.237227710E+01    2.899942482E-02
  136           1           3           2           9
           7           8
    3.886589925E+00    7.409864949E-01
    1.340265938E+01    2.400116920E-01
    5.612680359E+01    1.900181308E-02
  137           1           3           2           9
           7           8
    4.860793626E+00    7.875040990E-01
    1.488977656E+01    1.949986183E-01
    5.557757289E+01    1.749728261E-02
  138           1           3           2           9
           7           8
    6.152218118E+00    7.609973805E-01
    1.766502214E+01    2.225051397E-01
    6.051240167E+01    1.649747986E-02
  139           1           4           2           9
           7           8
    9.677877696E+00    7.039745790E-01
    3.737561889E+01    2.465165611E-01
    2.447726041E+02    3.450698613E-02
    9.617805261E+02    1.500187372E-02
  140           1           5           2           9
           7           8
    8.746881076E+00    6.064890451E-01
    3.209201378E+01    2.790092544E-01
    1.077659866E+02    7.850341513E-02
    5.246133488E+02    2.049826846E-02
    1.620807965E+03    1.550001693E-02
  141           1           5           2           9
           7           8
    8.836200881E+00    5.505283235E-01
    3.424392711E+01    3.329837864E-01
    1.210084750E+02    7.599277481E-02
    6.311639463E+02    2.899586624E-02
    2.174519520E+03    1.149924903E-02
  142           1           5           2           9
           7           8
    1.072581510E+01    4.925062233E-01
    4.141921836E+01    3.564956297E-01
    1.712620255E+02    8.049899590E-02
    7.250283765E+02    5.299996198E-02
    2.386395852E+03    1.749918907E-02
  143           1           5           2           9
           7           8
    1.779392528E+01    4.180058619E-01
    6.117668326E+01    3.489967421E-01
    2.808091011E+02    1.315002693E-01
    9.928739218E+02    8.649753750E-02
    3.284103508E+03    1.499958920E-02
  144           1           5           2           9
           7           8
    1.948873393E+01    3.235051885E-01
    6.460296585E+01    4.384994796E-01
    3.058099146E+02    1.399974452E-01
    1.138790396E+03    8.349820581E-02
    4.013645492E+03    1.449968088E-02
  145           1           5           2           9
           7           8
    2.098809447E+01    3.400007255E-01
    6.849672662E+01    4.235000322E-01
    3.099078900E+02    1.414993747E-01
    1.108113546E+03    7.749947325E-02
    4.462182953E+03    1.750039441E-02
  146           1           5           2           9
           7           8
    1.823450231E+01    3.499992709E-01
    5.912932731E+01    4.155007696E-01
    2.435275587E+02    1.279991500E-01
    8.402411735E+02    8.050035783E-02
    3.207056287E+03    2.600045168E-02
  147           1           5           2           9
           7           8
    1.695479969E+01    4.764990789E-01
    5.833543816E+01    3.545007573E-01
    2.485958553E+02    8.549986098E-02
    9.140788869E+02    6.200013291E-02
    3.279669523E+03    2.150016997E-02
  148           1           5           2           9
           7           8
    1.434006395E+01    5.280009025E-01
    5.295480427E+01    3.204994587E-01
    2.129956875E+02    8.449988261E-02
    7.560254490E+02    5.199986018E-02
    3.401291567E+03    1.499989595E-02
  149           1           5           2           9
           7           8
    1.212771993E+01    5.355022278E-01
    4.334118501E+01    3.269986104E-01
    1.532305023E+02    9.399955226E-02
    5.356641357E+02    3.299985717E-02
    2.152545424E+03    1.049975236E-02
  150           1           6           2           9
           7           8
    1.158288977E+01    2.725193190E-01
    4.102797611E+01    2.700069202E-01
    1.213293850E+02    2.054933570E-01
    4.439288550E+02    1.369909163E-01
    1.281316265E+03    1.009908826E-01
    4.092173221E+03    1.399860501E-02
  151           1           6           2           9
           7           8
    9.694036212E+00    4.003036306E-01
    4.019709813E+01    1.717725527E-01
    1.398058818E+02    1.494262805E-01
    6.665982981E+02    1.084348822E-01
    2.257987460E+03    1.362508261E-01
    6.821008121E+03    3.381182790E-02
  152           1           5           2           9
           7           8
    1.272723636E+01    5.848753086E-01
    5.487145309E+01    2.651498935E-01
    2.529922435E+02    7.658652401E-02
    1.094209096E+03    5.579209622E-02
    4.051939637E+03    1.759617768E-02
  153           1           6           2           9
           7           8
    1.849501103E+01    3.016327184E-01
    5.934341351E+01    3.844034130E-01
    2.252822349E+02    1.413866944E-01
    8.018440359E+02    1.073817272E-01
    2.588727649E+03    5.179768367E-02
    9.239621896E+03    1.339776344E-02
  154           1           5           2           9
           7           8
    8.779911539E+00    6.862804728E-01
    5.883459213E+01    1.954529048E-01
    2.729562716E+02    5.804098626E-02
    1.255241216E+03    3.742922249E-02
    6.790371212E+03    2.279641365E-02
  155           1           6           2           9
           7           8
    1.388396320E+00    3.977577356E-01
    7.645034864E+00    4.667354660E-01
    3.821860530E+01    9.227462756E-02
    1.333623602E+02    2.221730810E-02
    1.054519455E+03    8.404933215E-03
    4.396082948E+03    1.260992952E-02
  156           1           4           2           9
           7           8
    4.062355722E-01    9.101168133E-01
    1.694909137E+00    8.407906804E-02
    8.713801842E+00    4.403312848E-03
    6.713960237E+01    1.400805809E-03
  157           1           3           2           9
           7           8
    1.263716182E-01    7.975698591E-01
    4.078437360E-01    1.820061358E-01
    1.497804353E+00    2.042400504E-02
  158           1           1           2           9
           7           8
    4.285261605E-02    1.000000000E+00
  159           1           1           2           9
           7           8
    3.733777122E-02    1.000000000E+00
  160           1           1           2           9
           7           8
    1.207389777E-02    1.000000000E+00
  161           1           1           2           9
           7           8
    1.459440846E-02    1.000000000E+00
  162           1           1           2           9
           7           8
    2.131787798E-02    1.000000000E+00
  163           1           1           2           9
           7           8
    3.035542272E-02    1.000000000E+00
  164           1           1           2           9
           7           8
    7.848291186E-02    1.000000000E+00
  165           1           1           2           9
           7           8
    1.586549555E-01    1.000000000E+00
  166           1           1           2           9
           7           8
    3.672396391E-01    1.000000000E+00
  167           1           1           2           9
           7           8
    7.010809015E-01    1.000000000E+00
  168           1           2           2           9
           7           8
    7.924866560E-01    9.202427632E-01
    2.422494950E+00    7.975723683E-02
  169           1           3           2           9
           7           8
    8.856025198E-01    7.823221192E-01
    2.825947690E+00    2.047164162E-01
    1.449307900E+01    1.296146459E-02
  170           1           4           2           9
           7           8
    1.203400084E+00    7.654864005E-01
    3.965696632E+00    1.899718810E-01
    1.662594035E+01    4.054746477E-02
    6.179103096E+01    3.994253710E-03
  171           1           4           2           9
           7           8
    1.638663312E+00    6.681510703E-01
    4.844117676E+00    2.650824307E-01
    2.004715052E+01    5.356588411E-02
    6.022827832E+01    1.320061491E-02
  172           1           3           2           9
           7           8
    2.920994730E+00    7.647187493E-01
    9.876377224E+00    2.126846620E-01
    6.197936659E+01    2.259658865E-02
  173           1           4           2           9
           7           8
    2.387756227E+00    3.797601487E-01
    6.264324476E+00    5.119849711E-01
    2.427845836E+01    8.703625252E-02
    9.367920984E+01    2.121862760E-02
  174           1           3           2           9
           7           8
    4.707902046E+00    7.783981164E-01
    1.751620868E+01    1.993698906E-01
    9.457040734E+01    2.223199298E-02
  175           1           4           2           9
           7           8
    3.092374222E+00    2.980068268E-01
    7.965006659E+00    4.932330078E-01
    2.972411263E+01    1.732788165E-01
    9.387472922E+01    3.548134889E-02
  176           1           3           2           9
           7           8
    6.436970661E+00    6.351280180E-01
    1.974746137E+01    3.212880692E-01
    8.396058376E+01    4.358391282E-02
  177           1           3           2           9
           7           8
    2.855795540E+00    4.897826549E-01
    1.177060094E+01    4.309464100E-01
    4.814319666E+01    7.927093514E-02
  178           1           3           2           9
           7           8
    7.887779888E+00    7.090793325E-01
    2.111088401E+01    2.683245598E-01
    6.767262616E+01    2.259610771E-02
  179           1           3           2           9
           7           8
    4.634079995E+00    6.890340554E-01
    1.356999219E+01    2.741533079E-01
    6.022771806E+01    3.681263662E-02
  180           1           3           2           9
           7           8
    4.815890444E+00    7.890893487E-01
    1.700408174E+01    1.880783929E-01
    7.138644501E+01    2.283225846E-02
  181           1           3           2           9
           7           8
    4.453138773E+00    7.065375719E-01
    1.400724998E+01    2.736471760E-01
    5.305510558E+01    1.981525213E-02
  182           1           4           2           9
           7           8
    1.111757216E+00    4.963403494E-01
    3.506454985E+00    4.263778281E-01
    1.270317604E+01    6.803768926E-02
    3.772325806E+01    9.244133227E-03
  183           1           3           2           9
           7           8
    6.818261438E-01    9.612853526E-01
    2.946028103E+00    3.630081973E-02
    2.083349032E+01    2.413827655E-03
  184           1           4           2           9
           7           8
    2.521142376E-01    4.767718496E-01
    5.872637052E-01    4.540271069E-01
    1.909151222E+00    6.440855397E-02
    6.293190456E+00    4.792489517E-03
  185           1           1           2           9
           7           8
    3.470098404E-01    1.000000000E+00
  186           1           2           2           9
           7           8
    5.609878315E-02    5.647060106E-01
    1.215929814E-01    4.352939894E-01
  187           1           2           2           9
           7           8
    1.195791916E-02    3.673887072E-01
    2.819492023E-02    6.326112928E-01
  188           1           1           2           9
           7           8
    5.888981622E-03    1.000000000E+00
  189           1           1           2           9
           7           8
    2.130863050E-03    1.000000000E+00
  190           1           1           2           9
           7           8
    2.608091089E-03    1.000000000E+00
  191           1           1           2           9
           7           8
    4.760751145E-03    1.000000000E+00
  192           1           1           2           9
           7           8
    6.044945385E-03    1.000000000E+00
  193           1           1           2           9
           7           8
    8.909667268E-03    1.000000000E+00
  194           1           1           2           9
           7           8
    1.917222442E-02    1.000000000E+00
  195           1           1           2           9
           7           8
    4.567857441E-02    1.000000000E+00
  196           1           1           2           9
           7           8
    5.513152494E-02    1.000000000E+00
  197           1           1           2           9
           7           8
    4.262276139E-02    1.000000000E+00
  198           1           1           2           9
           7           8
    7.940628043E-02    1.000000000E+00
  199           1           1           2           9
           7           8
    1.609437319E-01    1.000000000E+00
  200           1           1           2           9
           7           8
    2.127793587E-01    1.000000000E+00
  201           1           1           2           9
           7           8
    1.944109510E-01    1.000000000E+00
  202           1           2           2           9
           7           8
    3.232260550E-01    8.022816902E-01
    7.534240171E-01    1.977183098E-01
  203           1           2           2           9
           7           8
    1.154299632E-01    5.337764227E-01
    3.252479428E-01    4.662235773E-01
  204           1           1           2           9
           7           8
    3.672793621E-01    1.000000000E+00
  205           1           1           2           9
           7           8
    4.172023665E-01    1.000000000E+00
  206           1           1           2           9
           7           8
    6.188397653E-01    1.000000000E+00
  207           1           4           2           9
           7           8
    2.490578704E-01    7.736676451E-01
    5.332779109E-01    2.207465293E-01
    2.158146579E+00    3.391399016E-03
    7.920046947E+00    2.194426556E-03
  208           1           3           2           9
           7           8
    7.492132090E-01    8.459581174E-01
    2.347701484E+00    1.422904553E-01
    1.084056683E+01    1.175142730E-02
  209           1           2           2           9
           7           8
    5.299996183E-01    9.593193060E-01
    6.825861905E+00    4.068069399E-02
  210           1           4           2           9
           7           8
    3.792257900E-01    7.036822944E-01
    1.676688509E+00    2.203851304E-01
    6.001172284E+00    5.948751417E-02
    2.250555271E+01    1.644506098E-02
  211           1           4           2           9
           7           8
    2.983817147E-01    7.613121269E-01
    1.222976534E+00    1.685113296E-01
    3.983598914E+00    5.403681120E-02
    2.258573456E+01    1.613973227E-02
  212           1           3           2           9
           7           8
    4.532171458E-01    9.017885613E-01
    2.682824072E+00    7.767527782E-02
    2.305005637E+01    2.053616091E-02
  213           1           3           2           9
           7           8
    6.875593140E-01    8.717428937E-01
    5.550059691E+00    1.012777895E-01
    2.853561685E+01    2.697931678E-02
  214           1           4           2           9
           7           8
    2.149115524E-01    4.535649031E-01
    6.967587753E-01    4.261856443E-01
    3.749165270E+00    8.626505770E-02
    1.752464310E+01    3.398439492E-02
  215           1           2           2           9
           7           8
    1.951330836E-02    6.482930449E-01
    6.561009254E-02    3.517069551E-01
  216           1           1           2           9
           7           8
    4.684388983E-03    1.000000000E+00
  217           1           1           2           9
           7           8
    7.507807292E-04    1.000000000E+00
  218           1           1           2           9
           7           8
    3.201085141E-04    1.000000000E+00
  219           1           1           2           9
           7           8
    3.972694635E-04    1.000000000E+00
  220           1           1           2           9
           7           8
    6.586828463E-04    1.000000000E+00
  221           1           1           2           9
           7           8
    1.610299496E-03    1.000000000E+00
  222           1           1           2           9
           7           8
    3.234436446E-03    1.000000000E+00
  223           1           1           2           9
           7           8
    5.833988890E-03    1.000000000E+00
  224           1           1           2           9
           7           8
    8.939770122E-03    1.000000000E+00
  225           1           1           2           9
           7           8
    1.388565574E-02    1.000000000E+00
  226           1           1           2           9
           7           8
    2.338477515E-02    1.000000000E+00
  227           1           1           2           9
           7           8
    3.241148350E-02    1.000000000E+00
  228           1           1           2           9
           7           8
    5.045848379E-02    1.000000000E+00
  229           1           1           2           9
           7           8
    1.024477244E-01    1.000000000E+00
  230           1           1           2           9
           7           8
    1.747866550E-01    1.000000000E+00
  231           1           1           2           9
           7           8
    1.675221491E-01    1.000000000E+00
  232           1           2           2           9
           7           8
    2.865206734E-01    9.733129881E-01
    1.150178429E+00    2.668701187E-02
  233           1           2           2           9
           7           8
    3.783727442E-01    9.261897931E-01
    1.140906626E+00    7.381020686E-02
  234           1           1           2           9
           7           8
    4.540808583E-01    1.000000000E+00
  235           1           1           2           9
           7           8
    5.532990126E-01    1.000000000E+00
  236           1           1           2           9
           7           8
    5.498584051E-01    1.000000000E+00
  237           1           1           2           9
           7           8
    3.376222255E-01    1.000000000E+00
  238           1           1           2           9
           7           8
    4.672450784E-01    1.000000000E+00
  239           1           2           2           9
           7           8
    3.020966008E-01    9.509352789E-01
    1.246436988E+00    4.906472110E-02
  240           1           1           2           9
           7           8
    1.846532160E-01    1.000000000E+00
  241           1           5           2           9
           7           8
    1.153738422E-01    4.203748940E-01
    3.880341442E-01    4.887963203E-01
    1.135112940E+00    6.824104617E-02
    3.394497872E+00    2.077232349E-02
    1.736758090E+01    1.815416063E-03
  242           1           1           2           9
           7           8
    6.305996913E-02    1.000000000E+00
  243           1           1           2           9
           7           8
    7.062939257E-02    1.000000000E+00
  244           1           2           2           9
           7           8
    1.179719694E-02    4.317058530E-01
    3.985465329E-02    5.682941470E-01
  245           1           1           2           9
           7           8
    2.837254027E-03    1.000000000E+00
  246           1           1           2           9
           7           8
    9.518368215E-04    1.000000000E+00
  247           1           1           2           9
           7           8
    4.541212874E-04    1.000000000E+00
  248           1           1           2           9
           7           8
    4.742814390E-04    1.000000000E+00
  249           1           1           2           9
           7           8
    3.569639072E-04    1.000000000E+00
  250           1           1           2           9
           7           8
    2.946262999E-04    1.000000000E+00
  251           1           1           2           9
           7           8
    6.838712271E-04    1.000000000E+00
  252           1           1           2           9
           7           8
    1.283321461E-03    1.000000000E+00
  253           1           1           2           9
           7           8
    2.110992339E-03    1.000000000E+00
  254           1           1           2           9
           7           8
    1.696056123E-03    1.000000000E+00
  255           1           1           2           9
           7           8
    2.950947378E-03    1.000000000E+00
  256           1           1           2           9
           7           8
    5.070462003E-03    1.000000000E+00
  257           1           1           2           9
           7           8
    1.286650352E-02    1.000000000E+00
  258           1           1           2           9
           7           8
    2.271550404E-02    1.000000000E+00
  259           1           1           2           9
           7           8
    4.292179957E-02    1.000000000E+00
  260           1           1           2           9
           7           8
    5.525584051E-02    1.000000000E+00
  261           1           1           2           9
           7           8
    9.648959360E-02    1.000000000E+00
  262           1           1           2           9
           7           8
    1.675391086E-01    1.000000000E+00
  263           1           1           2           9
           7           8
    1.660685765E-01    1.000000000E+00
  264           1           1           2           9
           7           8
    1.573515850E-01    1.000000000E+00
  265           1           1           2           9
           7           8
    5.948846219E-02    1.000000000E+00
  266           1           1           2           9
           7           8
    4.949759450E-02    1.000000000E+00
  267           1           1           2           9
           7           8
    7.549461259E-02    1.000000000E+00
  268           1           1           2           9
           7           8
    7.744892881E-02    1.000000000E+00
  269           1           2           2           9
           7           8
    2.370202986E-02    6.726203047E-01
    7.021726357E-02    3.273796953E-01
  270           1           1           2           9
           7           8
    1.535561819E-02    1.000000000E+00
  271           1           1           2           9
           7           8
    8.916617479E-04    1.000000000E+00
  272           1           1           2           9
           7           8
    2.341362198E-03    1.000000000E+00
  273           1           1           2           9
           7           8
    3.508956279E-03    1.000000000E+00
  274           1           1           2           9
           7           8
    3.579026518E-05    1.000000000E+00
  275           1           1           2           9
           7           8
    2.966620857E-03    1.000000000E+00
  276           1           1           2           9
           7           8
    4.714492199E-06    1.000000000E+00
  277           1           1           2           9
           7           8
    0.000000000E+00    1.000000000E+00
  278           1           1           2           9
           7           8
    0.000000000E+00    1.000000000E+00
  279           1           1           2           9
           7           8
    0.000000000E+00    1.000000000E+00
  280           1           1           2           9
           7           8
    0.000000000E+00    1.000000000E+00
  281           1           1           2           9
           7           8
    0.000000000E+00    1.000000000E+00
  282           1           1           2           9
           7           8
    0.000000000E+00    1.000000000E+00
  283           1           1           2           9
           7           8
    0.000000000E+00    1.000000000E+00
  284           1           1           2           9
           7           8
    0.000000000E+00    1.000000000E+00
  285           1           1           2           9
           7           8
    0.000000000E+00    1.000000000E+00
  286           1           1           2           9
           7           8
    0.000000000E+00    1.000000000E+00
  287           1           1           2           9
           7           8
    0.000000000E+00    1.000000000E+00
  288           1           1           2           9
           7           8
    0.000000000E+00    1.000000000E+00
  289           1           1           2           9
           7           8
    0.000000000E+00    1.000000000E+00
  290           1           1           2           9
           7           8
    0.000000000E+00    1.000000000E+00
  291           1           1           2           9
           7           8
    0.000000000E+00    1.000000000E+00
  292           1           1           2           9
           7           8
    0.000000000E+00    1.000000000E+00
  293           1           1           2           9
           7           8
    0.000000000E+00    1.000000000E+00
  294           1           1           2           9
           7           8
    0.000000000E+00    1.000000000E+00
  295           1           1           2           9
           7           8
    0.000000000E+00    1.000000000E+00
  296           1           1           2           9
           7           8
    0.000000000E+00    1.000000000E+00
  297           1           1           2           9
           7           8
    0.000000000E+00    1.000000000E+00
  298           1           1           2           9
           7           8
    0.000000000E+00    1.000000000E+00
  299           1           1           2           9
           7           8
    0.000000000E+00    1.000000000E+00
  300           1           1           2           9
           7           8
    0.000000000E+00    1.000000000E+00
*END
*BLOCK: TYPE =    6: SUBTYPE =    0: version =    1
Thermal source function.
Type of data: table     
Number of data points =   100: Reference temperature =  6.324555320E+02
*END
*BLOCK: TYPE =    8: SUBTYPE =    0: VERSION =    0
Continuum absorbers in each interval
(The number is the indexing number of each type as set out
 in the module rad_pcf.)
A zero indicates that there is no continuum absorption in the interval.
Band         Number of active continua followed by indexing numbers
    1           0
    2           0
    3           0
    4           0
    5           0
    6           0
    7           0
    8           0
    9           0
   10           0
   11           0
   12           0
   13           0
   14           0
   15           0
   16           0
   17           0
   18           0
   19           0
   20           0
   21           0
   22           0
   23           0
   24           0
   25           0
   26           0
   27           0
   28           0
   29           0
   30           0
   31           0
   32           0
   33           0
   34           0
   35           0
   36           0
   37           0
   38           0
   39           0
   40           0
   41           0
   42           0
   43           0
   44           0
   45           0
   46           0
   47           0
   48           0
   49           0
   50           0
   51           0
   52           0
   53           0
   54           0
   55           0
   56           0
   57           0
   58           0
   59           0
   60           0
   61           0
   62           0
   63           0
   64           0
   65           0
   66           0
   67           0
   68           0
   69           0
   70           0
   71           0
   72           0
   73           0
   74           0
   75           0
   76           0
   77           0
   78           0
   79           0
   80           0
   81           0
   82           0
   83           0
   84           0
   85           0
   86           0
   87           0
   88           0
   89           0
   90           0
   91           0
   92           0
   93           0
   94           0
   95           0
   96           0
   97           0
   98           0
   99           0
  100           0
  101           0
  102           0
  103           0
  104           0
  105           0
  106           0
  107           0
  108           0
  109           0
  110           0
  111           0
  112           0
  113           0
  114           0
  115           0
  116           0
  117           0
  118           0
  119           0
  120           0
  121           0
  122           0
  123           0
  124           0
  125           0
  126           0
  127           0
  128           0
  129           0
  130           0
  131           0
  132           0
  133           0
  134           0
  135           0
  136           0
  137           0
  138           0
  139           0
  140           0
  141           0
  142           0
  143           0
  144           0
  145           0
  146           0
  147           0
  148           0
  149           0
  150           0
  151           0
  152           0
  153           0
  154           0
  155           0
  156           0
  157           0
  158           0
  159           0
  160           0
  161           0
  162           0
  163           0
  164           0
  165           0
  166           0
  167           0
  168           0
  169           0
  170           0
  171           0
  172           0
  173           0
  174           0
  175           0
  176           0
  177           0
  178           0
  179           0
  180           0
  181           0
  182           0
  183           0
  184           0
  185           0
  186           0
  187           0
  188           0
  189           0
  190           0
  191           0
  192           0
  193           0
  194           0
  195           0
  196           0
  197           0
  198           0
  199           0
  200           0
  201           0
  202           0
  203           0
  204           0
  205           0
  206           0
  207           0
  208           0
  209           0
  210           0
  211           0
  212           0
  213           0
  214           0
  215           0
  216           0
  217           0
  218           0
  219           0
  220           0
  221           0
  222           0
  223           0
  224           0
  225           0
  226           0
  227           0
  228           0
  229           0
  230           0
  231           0
  232           0
  233           0
  234           0
  235           0
  236           0
  237           0
  238           0
  239           0
  240           0
  241           0
  242           0
  243           0
  244           0
  245           0
  246           0
  247           0
  248           0
  249           0
  250           0
  251           0
  252           0
  253           0
  254           0
  255           0
  256           0
  257           0
  258           0
  259           0
  260           0
  261           0
  262           0
  263           0
  264           0
  265           0
  266           0
  267           0
  268           0
  269           0
  270           0
  271           0
  272           0
  273           0
  274           0
  275           0
  276           0
  277           0
  278           0
  279           0
  280           0
  281           0
  282           0
  283           0
  284           0
  285           0
  286           0
  287           0
  288           0
  289           0
  290           0
  291           0
  292           0
  293           0
  294           0
  295           0
  296           0
  297           0
  298           0
  299           0
  300           0
Indexing numbers of gases for continua:
     Index of water =     0
*END
