*PTVAL
1.00e1 100. 400. 700. 1000. 1333. 1666. 2000. 2500. 3000. 4000.
1.00e2 100. 400. 700. 1000. 1333. 1666. 2000. 2500. 3000. 4000.
1.00e3 100. 400. 700. 1000. 1333. 1666. 2000. 2500. 3000. 4000.
1.00e4 100. 400. 700. 1000. 1333. 1666. 2000. 2500. 3000. 4000.
1.00e5 100. 400. 700. 1000. 1333. 1666. 2000. 2500. 3000. 4000.
1.00e6 100. 400. 700. 1000. 1333. 1666. 2000. 2500. 3000. 4000.
1.00e7 100. 400. 700. 1000. 1333. 1666. 2000. 2500. 3000. 4000.
1.00e8 100. 400. 700. 1000. 1333. 1666. 2000. 2500. 3000. 4000.
*END
