F2V STAR SPECTRUM of HD128167: http://vpl.astro.washington.edu/spectra/stellar/other_stars.htm
       WAVELENGTH        IRRADIANCE
           (m)               (W/m3)
*BEGIN_DATA
      1.1510000e-07      6.6400000e-06
      1.1520000e-07      4.8700000e-06
      1.1540000e-07      3.6700000e-06
      1.1560000e-07      5.5400000e-06
      1.1570000e-07      3.9200000e-06
      1.1590000e-07      3.3700000e-06
      1.1610000e-07      3.2400000e-06
      1.1620000e-07      4.1100000e-06
      1.1640000e-07      1.7700000e-06
      1.1660000e-07      1.8000000e-06
      1.1670000e-07      2.6500000e-06
      1.1690000e-07      2.3500000e-06
      1.1710000e-07      2.6900000e-06
      1.1720000e-07      2.1000000e-06
      1.1740000e-07      2.2700000e-06
      1.1760000e-07      2.2400000e-06
      1.1770000e-07      1.9000000e-06
      1.1790000e-07      1.4900000e-06
      1.1810000e-07      1.5700000e-06
      1.1820000e-07      1.3600000e-06
      1.1840000e-07      1.6300000e-06
      1.1860000e-07      1.5400000e-06
      1.1870000e-07      1.7900000e-06
      1.1890000e-07      1.3700000e-06
      1.1910000e-07      1.3100000e-06
      1.1920000e-07      1.2100000e-06
      1.1940000e-07      7.3300000e-07
      1.1960000e-07      6.9800000e-07
      1.1980000e-07      1.2200000e-06
      1.1990000e-07      9.8700000e-07
      1.2010000e-07      1.1300000e-06
      1.2030000e-07      1.4200000e-06
      1.2040000e-07      1.5800000e-06
      1.2060000e-07      1.6300000e-06
      1.2080000e-07      1.6100000e-06
      1.2090000e-07      3.0600000e-06
      1.2110000e-07      5.3100000e-06
      1.2130000e-07      8.2100000e-06
      1.2140000e-07      9.7500000e-06
      1.2160000e-07      9.9800000e-06
      1.2180000e-07      8.1100000e-06
      1.2190000e-07      5.1900000e-06
      1.2210000e-07      3.5600000e-06
      1.2230000e-07      2.1400000e-06
      1.2240000e-07      1.2200000e-06
      1.2260000e-07      8.5800000e-07
      1.2280000e-07      7.8100000e-07
      1.2290000e-07      9.2800000e-07
      1.2310000e-07      8.2100000e-07
      1.2330000e-07      6.5100000e-07
      1.2340000e-07      8.9300000e-07
      1.2360000e-07      5.8100000e-07
      1.2380000e-07      6.4900000e-07
      1.2390000e-07      7.6000000e-07
      1.2410000e-07      7.0300000e-07
      1.2430000e-07      6.6300000e-07
      1.2440000e-07      7.2100000e-07
      1.2460000e-07      8.2300000e-07
      1.2480000e-07      9.3300000e-07
      1.2490000e-07      8.3800000e-07
      1.2510000e-07      6.1300000e-07
      1.2530000e-07      7.9000000e-07
      1.2550000e-07      4.2400000e-07
      1.2560000e-07      6.4800000e-07
      1.2580000e-07      8.1000000e-07
      1.2600000e-07      6.0300000e-07
      1.2610000e-07      7.9500000e-07
      1.2630000e-07      6.1400000e-07
      1.2650000e-07      6.2300000e-07
      1.2660000e-07      6.5300000e-07
      1.2680000e-07      7.5600000e-07
      1.2700000e-07      5.8400000e-07
      1.2710000e-07      7.3600000e-07
      1.2730000e-07      7.0600000e-07
      1.2750000e-07      6.8800000e-07
      1.2760000e-07      8.5600000e-07
      1.2780000e-07      8.1600000e-07
      1.2800000e-07      7.2000000e-07
      1.2810000e-07      7.7800000e-07
      1.2830000e-07      6.6600000e-07
      1.2850000e-07      7.9500000e-07
      1.2860000e-07      8.0300000e-07
      1.2880000e-07      6.5300000e-07
      1.2900000e-07      7.6500000e-07
      1.2910000e-07      9.4200000e-07
      1.2930000e-07      8.7300000e-07
      1.2950000e-07      8.9200000e-07
      1.2960000e-07      8.3500000e-07
      1.2980000e-07      1.0800000e-06
      1.3000000e-07      6.7900000e-07
      1.3010000e-07      9.0700000e-07
      1.3030000e-07      8.5800000e-07
      1.3050000e-07      7.2600000e-07
      1.3060000e-07      8.1100000e-07
      1.3080000e-07      6.6900000e-07
      1.3100000e-07      7.5500000e-07
      1.3120000e-07      6.4800000e-07
      1.3130000e-07      6.3600000e-07
      1.3150000e-07      6.7300000e-07
      1.3170000e-07      9.1500000e-07
      1.3180000e-07      7.2600000e-07
      1.3200000e-07      7.3800000e-07
      1.3220000e-07      6.4100000e-07
      1.3230000e-07      7.0800000e-07
      1.3250000e-07      8.3000000e-07
      1.3270000e-07      7.3300000e-07
      1.3280000e-07      9.0800000e-07
      1.3300000e-07      6.3900000e-07
      1.3320000e-07      1.2200000e-06
      1.3330000e-07      1.2400000e-06
      1.3350000e-07      1.5100000e-06
      1.3370000e-07      1.1200000e-06
      1.3380000e-07      9.6700000e-07
      1.3400000e-07      6.6800000e-07
      1.3420000e-07      9.8800000e-07
      1.3430000e-07      8.2100000e-07
      1.3450000e-07      9.3700000e-07
      1.3470000e-07      8.0500000e-07
      1.3480000e-07      5.7900000e-07
      1.3500000e-07      7.7500000e-07
      1.3520000e-07      6.9500000e-07
      1.3530000e-07      9.0000000e-07
      1.3550000e-07      1.0200000e-06
      1.3570000e-07      9.3300000e-07
      1.3580000e-07      8.0000000e-07
      1.3600000e-07      9.7800000e-07
      1.3620000e-07      9.3800000e-07
      1.3630000e-07      1.3500000e-06
      1.3650000e-07      1.0900000e-06
      1.3670000e-07      9.1300000e-07
      1.3690000e-07      1.0500000e-06
      1.3700000e-07      1.0000000e-06
      1.3720000e-07      9.9300000e-07
      1.3740000e-07      8.7100000e-07
      1.3750000e-07      1.0700000e-06
      1.3770000e-07      8.3300000e-07
      1.3790000e-07      1.0900000e-06
      1.3800000e-07      1.0100000e-06
      1.3820000e-07      1.2200000e-06
      1.3840000e-07      1.0500000e-06
      1.3850000e-07      9.7800000e-07
      1.3870000e-07      1.4200000e-06
      1.3890000e-07      1.2200000e-06
      1.3900000e-07      1.1600000e-06
      1.3920000e-07      1.0900000e-06
      1.3940000e-07      1.3900000e-06
      1.3950000e-07      1.5000000e-06
      1.3970000e-07      1.6900000e-06
      1.3990000e-07      9.2700000e-07
      1.4000000e-07      1.1700000e-06
      1.4020000e-07      1.1500000e-06
      1.4040000e-07      1.0700000e-06
      1.4050000e-07      1.3200000e-06
      1.4070000e-07      1.1500000e-06
      1.4090000e-07      1.6200000e-06
      1.4100000e-07      1.5600000e-06
      1.4120000e-07      1.2500000e-06
      1.4140000e-07      1.1100000e-06
      1.4150000e-07      1.0300000e-06
      1.4170000e-07      1.1900000e-06
      1.4190000e-07      1.3500000e-06
      1.4200000e-07      1.3800000e-06
      1.4220000e-07      1.6400000e-06
      1.4240000e-07      1.3300000e-06
      1.4260000e-07      1.2400000e-06
      1.4270000e-07      1.4500000e-06
      1.4290000e-07      1.3500000e-06
      1.4310000e-07      1.5000000e-06
      1.4320000e-07      1.3700000e-06
      1.4340000e-07      1.4000000e-06
      1.4360000e-07      1.5800000e-06
      1.4370000e-07      1.4200000e-06
      1.4390000e-07      1.3800000e-06
      1.4410000e-07      1.7000000e-06
      1.4420000e-07      1.5200000e-06
      1.4440000e-07      1.4200000e-06
      1.4460000e-07      1.3600000e-06
      1.4470000e-07      1.8000000e-06
      1.4490000e-07      1.5700000e-06
      1.4510000e-07      1.6400000e-06
      1.4520000e-07      1.7400000e-06
      1.4540000e-07      1.7400000e-06
      1.4560000e-07      1.7400000e-06
      1.4570000e-07      1.6000000e-06
      1.4590000e-07      1.8900000e-06
      1.4610000e-07      2.0700000e-06
      1.4620000e-07      1.9500000e-06
      1.4640000e-07      1.8400000e-06
      1.4660000e-07      1.9700000e-06
      1.4670000e-07      2.2900000e-06
      1.4690000e-07      2.2400000e-06
      1.4710000e-07      2.0000000e-06
      1.4720000e-07      1.9700000e-06
      1.4740000e-07      1.7700000e-06
      1.4760000e-07      1.8700000e-06
      1.4770000e-07      1.8900000e-06
      1.4790000e-07      2.3400000e-06
      1.4810000e-07      2.2900000e-06
      1.4830000e-07      1.9500000e-06
      1.4840000e-07      1.8400000e-06
      1.4860000e-07      1.9900000e-06
      1.4880000e-07      2.0900000e-06
      1.4890000e-07      2.1500000e-06
      1.4910000e-07      2.0900000e-06
      1.4930000e-07      2.5200000e-06
      1.4940000e-07      2.4700000e-06
      1.4960000e-07      2.3700000e-06
      1.4980000e-07      2.2500000e-06
      1.4990000e-07      2.0500000e-06
      1.5010000e-07      1.9700000e-06
      1.5030000e-07      2.0200000e-06
      1.5040000e-07      2.1200000e-06
      1.5060000e-07      1.9200000e-06
      1.5080000e-07      2.1700000e-06
      1.5090000e-07      2.3200000e-06
      1.5110000e-07      2.1000000e-06
      1.5130000e-07      2.1200000e-06
      1.5140000e-07      2.0700000e-06
      1.5160000e-07      2.2000000e-06
      1.5180000e-07      2.6000000e-06
      1.5190000e-07      2.4900000e-06
      1.5210000e-07      2.2400000e-06
      1.5230000e-07      2.2900000e-06
      1.5240000e-07      2.4700000e-06
      1.5260000e-07      2.4000000e-06
      1.5280000e-07      2.2000000e-06
      1.5290000e-07      2.4200000e-06
      1.5310000e-07      2.4700000e-06
      1.5330000e-07      2.4200000e-06
      1.5340000e-07      2.7000000e-06
      1.5360000e-07      2.6200000e-06
      1.5380000e-07      2.5200000e-06
      1.5400000e-07      2.6400000e-06
      1.5410000e-07      2.6200000e-06
      1.5430000e-07      2.7200000e-06
      1.5450000e-07      2.8500000e-06
      1.5460000e-07      3.3700000e-06
      1.5480000e-07      3.5200000e-06
      1.5500000e-07      3.7200000e-06
      1.5510000e-07      3.0600000e-06
      1.5530000e-07      2.9600000e-06
      1.5550000e-07      2.9700000e-06
      1.5560000e-07      2.8000000e-06
      1.5580000e-07      3.0200000e-06
      1.5600000e-07      3.1900000e-06
      1.5610000e-07      2.9600000e-06
      1.5630000e-07      3.1100000e-06
      1.5650000e-07      3.5900000e-06
      1.5660000e-07      3.2600000e-06
      1.5680000e-07      3.2900000e-06
      1.5700000e-07      3.0400000e-06
      1.5710000e-07      3.3100000e-06
      1.5730000e-07      3.1700000e-06
      1.5750000e-07      3.3900000e-06
      1.5760000e-07      3.1600000e-06
      1.5780000e-07      3.3900000e-06
      1.5800000e-07      3.6700000e-06
      1.5810000e-07      3.6900000e-06
      1.5830000e-07      3.7700000e-06
      1.5850000e-07      3.7200000e-06
      1.5860000e-07      3.4900000e-06
      1.5880000e-07      3.1600000e-06
      1.5900000e-07      3.6700000e-06
      1.5910000e-07      3.1600000e-06
      1.5930000e-07      3.4100000e-06
      1.5950000e-07      3.5100000e-06
      1.5960000e-07      3.7700000e-06
      1.5980000e-07      3.8400000e-06
      1.6000000e-07      3.6700000e-06
      1.6020000e-07      3.6200000e-06
      1.6030000e-07      3.9600000e-06
      1.6050000e-07      3.5400000e-06
      1.6070000e-07      3.7400000e-06
      1.6080000e-07      4.0400000e-06
      1.6100000e-07      4.1100000e-06
      1.6120000e-07      3.8200000e-06
      1.6130000e-07      4.1600000e-06
      1.6150000e-07      3.6600000e-06
      1.6170000e-07      3.8900000e-06
      1.6180000e-07      4.3100000e-06
      1.6200000e-07      4.1900000e-06
      1.6220000e-07      4.0700000e-06
      1.6230000e-07      4.2100000e-06
      1.6250000e-07      4.6100000e-06
      1.6270000e-07      4.5100000e-06
      1.6280000e-07      4.5900000e-06
      1.6300000e-07      4.4100000e-06
      1.6320000e-07      4.3700000e-06
      1.6330000e-07      4.3700000e-06
      1.6350000e-07      4.6900000e-06
      1.6370000e-07      4.7400000e-06
      1.6380000e-07      5.0600000e-06
      1.6400000e-07      4.8700000e-06
      1.6420000e-07      5.3900000e-06
      1.6430000e-07      5.1400000e-06
      1.6450000e-07      5.1800000e-06
      1.6470000e-07      5.0100000e-06
      1.6480000e-07      4.7700000e-06
      1.6500000e-07      4.8100000e-06
      1.6520000e-07      4.9900000e-06
      1.6530000e-07      4.9800000e-06
      1.6550000e-07      4.9300000e-06
      1.6570000e-07      5.2400000e-06
      1.6590000e-07      5.1600000e-06
      1.6600000e-07      5.4300000e-06
      1.6620000e-07      5.7800000e-06
      1.6640000e-07      6.0100000e-06
      1.6650000e-07      6.2100000e-06
      1.6670000e-07      5.8100000e-06
      1.6690000e-07      6.0400000e-06
      1.6700000e-07      5.6600000e-06
      1.6720000e-07      5.9800000e-06
      1.6740000e-07      6.1800000e-06
      1.6750000e-07      6.7100000e-06
      1.6770000e-07      7.1100000e-06
      1.6790000e-07      7.1800000e-06
      1.6800000e-07      7.1000000e-06
      1.6820000e-07      7.3000000e-06
      1.6840000e-07      7.6300000e-06
      1.6850000e-07      7.7600000e-06
      1.6870000e-07      8.2600000e-06
      1.6890000e-07      8.2000000e-06
      1.6900000e-07      8.3300000e-06
      1.6920000e-07      9.2200000e-06
      1.6940000e-07      1.0100000e-05
      1.6950000e-07      1.1100000e-05
      1.6970000e-07      1.2700000e-05
      1.6990000e-07      1.3800000e-05
      1.7000000e-07      1.5300000e-05
      1.7020000e-07      1.6200000e-05
      1.7040000e-07      1.6900000e-05
      1.7050000e-07      1.8400000e-05
      1.7070000e-07      2.1200000e-05
      1.7090000e-07      2.4700000e-05
      1.7100000e-07      2.4700000e-05
      1.7120000e-07      2.4000000e-05
      1.7140000e-07      2.6500000e-05
      1.7160000e-07      3.0100000e-05
      1.7170000e-07      3.2700000e-05
      1.7190000e-07      3.0400000e-05
      1.7210000e-07      2.3500000e-05
      1.7220000e-07      2.4400000e-05
      1.7240000e-07      2.4200000e-05
      1.7260000e-07      2.8000000e-05
      1.7270000e-07      3.3700000e-05
      1.7290000e-07      3.5700000e-05
      1.7310000e-07      3.4900000e-05
      1.7320000e-07      3.3400000e-05
      1.7340000e-07      3.2600000e-05
      1.7360000e-07      3.0600000e-05
      1.7370000e-07      2.9400000e-05
      1.7390000e-07      3.1900000e-05
      1.7410000e-07      3.3200000e-05
      1.7420000e-07      3.3600000e-05
      1.7440000e-07      3.5400000e-05
      1.7460000e-07      3.5700000e-05
      1.7470000e-07      3.8700000e-05
      1.7490000e-07      4.0900000e-05
      1.7510000e-07      4.2100000e-05
      1.7520000e-07      4.4100000e-05
      1.7540000e-07      4.6400000e-05
      1.7560000e-07      4.4400000e-05
      1.7570000e-07      4.6400000e-05
      1.7590000e-07      4.1600000e-05
      1.7610000e-07      3.9700000e-05
      1.7620000e-07      4.1100000e-05
      1.7640000e-07      3.6100000e-05
      1.7660000e-07      3.9600000e-05
      1.7670000e-07      4.3900000e-05
      1.7690000e-07      4.6100000e-05
      1.7710000e-07      4.8900000e-05
      1.7730000e-07      5.1300000e-05
      1.7740000e-07      5.0800000e-05
      1.7760000e-07      5.6600000e-05
      1.7780000e-07      5.6100000e-05
      1.7790000e-07      5.9900000e-05
      1.7810000e-07      5.6900000e-05
      1.7830000e-07      5.3300000e-05
      1.7840000e-07      4.9900000e-05
      1.7860000e-07      5.3400000e-05
      1.7880000e-07      5.5300000e-05
      1.7890000e-07      5.7100000e-05
      1.7910000e-07      6.4100000e-05
      1.7930000e-07      5.3300000e-05
      1.7940000e-07      5.7600000e-05
      1.7960000e-07      5.6300000e-05
      1.7980000e-07      5.3600000e-05
      1.7990000e-07      5.6400000e-05
      1.8010000e-07      5.8400000e-05
      1.8030000e-07      5.3800000e-05
      1.8040000e-07      5.1600000e-05
      1.8060000e-07      4.8700000e-05
      1.8080000e-07      4.4200000e-05
      1.8090000e-07      4.7600000e-05
      1.8110000e-07      5.6300000e-05
      1.8130000e-07      5.5100000e-05
      1.8140000e-07      5.5400000e-05
      1.8160000e-07      6.1400000e-05
      1.8180000e-07      6.2300000e-05
      1.8190000e-07      6.1900000e-05
      1.8210000e-07      7.1300000e-05
      1.8230000e-07      6.7100000e-05
      1.8240000e-07      5.8300000e-05
      1.8260000e-07      5.6900000e-05
      1.8280000e-07      6.0600000e-05
      1.8300000e-07      6.4900000e-05
      1.8310000e-07      6.3600000e-05
      1.8330000e-07      6.5600000e-05
      1.8350000e-07      6.3400000e-05
      1.8360000e-07      5.5400000e-05
      1.8380000e-07      5.5800000e-05
      1.8400000e-07      5.7800000e-05
      1.8410000e-07      5.2900000e-05
      1.8430000e-07      5.2100000e-05
      1.8450000e-07      4.8700000e-05
      1.8460000e-07      4.4400000e-05
      1.8480000e-07      4.1700000e-05
      1.8500000e-07      4.3700000e-05
      1.8510000e-07      4.6200000e-05
      1.8530000e-07      5.2100000e-05
      1.8550000e-07      5.2600000e-05
      1.8560000e-07      5.9400000e-05
      1.8580000e-07      6.4300000e-05
      1.8600000e-07      5.9400000e-05
      1.8610000e-07      6.8800000e-05
      1.8630000e-07      6.5400000e-05
      1.8650000e-07      7.2300000e-05
      1.8660000e-07      7.9800000e-05
      1.8680000e-07      8.2800000e-05
      1.8700000e-07      8.0300000e-05
      1.8710000e-07      7.3800000e-05
      1.8730000e-07      7.1800000e-05
      1.8750000e-07      7.0800000e-05
      1.8760000e-07      7.3500000e-05
      1.8780000e-07      8.1500000e-05
      1.8800000e-07      8.1800000e-05
      1.8810000e-07      8.6000000e-05
      1.8830000e-07      8.9200000e-05
      1.8850000e-07      8.4600000e-05
      1.8870000e-07      8.3800000e-05
      1.8880000e-07      7.9600000e-05
      1.8900000e-07      8.4500000e-05
      1.8920000e-07      8.5000000e-05
      1.8930000e-07      8.4500000e-05
      1.8950000e-07      8.5100000e-05
      1.8970000e-07      8.3300000e-05
      1.8980000e-07      7.6800000e-05
      1.9000000e-07      7.3300000e-05
      1.9020000e-07      7.5300000e-05
      1.9030000e-07      8.2300000e-05
      1.9050000e-07      8.1000000e-05
      1.9070000e-07      7.8600000e-05
      1.9080000e-07      8.1600000e-05
      1.9100000e-07      8.4800000e-05
      1.9120000e-07      8.3800000e-05
      1.9130000e-07      8.1500000e-05
      1.9150000e-07      8.8500000e-05
      1.9170000e-07      9.4000000e-05
      1.9180000e-07      8.9200000e-05
      1.9200000e-07      9.1800000e-05
      1.9220000e-07      9.4200000e-05
      1.9230000e-07      8.0100000e-05
      1.9250000e-07      7.6500000e-05
      1.9270000e-07      7.1600000e-05
      1.9280000e-07      6.0100000e-05
      1.9300000e-07      5.2800000e-05
      1.9320000e-07      4.8100000e-05
      1.9330000e-07      5.2900000e-05
      1.9350000e-07      5.8300000e-05
      1.9370000e-07      6.7100000e-05
      1.9380000e-07      7.5100000e-05
      1.9400000e-07      8.7300000e-05
      1.9420000e-07      8.6000000e-05
      1.9440000e-07      9.0700000e-05
      1.9450000e-07      9.3800000e-05
      1.9470000e-07      8.9200000e-05
      1.9490000e-07      9.4300000e-05
      1.9500000e-07      9.5200000e-05
      1.9520000e-07      9.1700000e-05
      1.9540000e-07      9.7700000e-05
      1.9550000e-07      9.6200000e-05
      1.9570000e-07      9.1800000e-05
      1.9590000e-07      8.7000000e-05
      1.9600000e-07      8.6600000e-05
      1.9620000e-07      9.0200000e-05
      1.9640000e-07      8.7500000e-05
      1.9650000e-07      8.7300000e-05
      1.9670000e-07      9.1700000e-05
      1.9690000e-07      9.1200000e-05
      1.9700000e-07      9.1300000e-05
      1.9720000e-07      8.5000000e-05
      1.9740000e-07      8.0600000e-05
      1.9750000e-07      8.9800000e-05
      1.9770000e-07      9.3500000e-05
      1.9790000e-07      9.3300000e-05
      1.9800000e-07      9.2900000e-05
      1.9820000e-07      1.2400000e-04
      1.9850000e-07      1.0200000e-04
      1.9880000e-07      1.0300000e-04
      1.9900000e-07      9.9500000e-05
      1.9930000e-07      9.9800000e-05
      1.9960000e-07      1.0400000e-04
      1.9980000e-07      1.0100000e-04
      2.0010000e-07      1.0700000e-04
      2.0040000e-07      1.0000000e-04
      2.0060000e-07      1.1900000e-04
      2.0090000e-07      1.0600000e-04
      2.0120000e-07      1.0200000e-04
      2.0140000e-07      1.3400000e-04
      2.0170000e-07      1.1300000e-04
      2.0200000e-07      1.2100000e-04
      2.0220000e-07      1.2000000e-04
      2.0250000e-07      1.1700000e-04
      2.0280000e-07      1.1500000e-04
      2.0300000e-07      1.2900000e-04
      2.0330000e-07      1.2100000e-04
      2.0360000e-07      1.3100000e-04
      2.0380000e-07      1.3100000e-04
      2.0410000e-07      1.3100000e-04
      2.0440000e-07      1.5300000e-04
      2.0460000e-07      1.6600000e-04
      2.0490000e-07      1.5300000e-04
      2.0520000e-07      1.5600000e-04
      2.0540000e-07      1.5500000e-04
      2.0570000e-07      1.4300000e-04
      2.0600000e-07      1.5300000e-04
      2.0620000e-07      1.2800000e-04
      2.0650000e-07      1.5600000e-04
      2.0680000e-07      1.5000000e-04
      2.0700000e-07      1.6700000e-04
      2.0730000e-07      1.7200000e-04
      2.0760000e-07      1.9900000e-04
      2.0780000e-07      2.0500000e-04
      2.0810000e-07      2.0600000e-04
      2.0840000e-07      1.7900000e-04
      2.0860000e-07      1.8100000e-04
      2.0890000e-07      1.8800000e-04
      2.0920000e-07      1.6800000e-04
      2.0940000e-07      1.8000000e-04
      2.0970000e-07      1.8200000e-04
      2.1000000e-07      1.7100000e-04
      2.1020000e-07      1.8400000e-04
      2.1050000e-07      1.7000000e-04
      2.1080000e-07      1.7400000e-04
      2.1100000e-07      1.1700000e-04
      2.1130000e-07      1.6200000e-04
      2.1160000e-07      1.8200000e-04
      2.1180000e-07      2.1600000e-04
      2.1210000e-07      2.1400000e-04
      2.1240000e-07      1.4300000e-04
      2.1260000e-07      1.5900000e-04
      2.1290000e-07      1.5900000e-04
      2.1320000e-07      1.2700000e-04
      2.1340000e-07      1.1900000e-04
      2.1370000e-07      1.6100000e-04
      2.1400000e-07      1.3200000e-04
      2.1420000e-07      1.9900000e-04
      2.1450000e-07      1.9000000e-04
      2.1480000e-07      1.5000000e-04
      2.1500000e-07      1.5100000e-04
      2.1530000e-07      1.9000000e-04
      2.1560000e-07      1.9300000e-04
      2.1580000e-07      1.6200000e-04
      2.1610000e-07      1.7400000e-04
      2.1640000e-07      1.7300000e-04
      2.1660000e-07      1.1100000e-04
      2.1690000e-07      1.4300000e-04
      2.1720000e-07      1.7400000e-04
      2.1740000e-07      1.5400000e-04
      2.1770000e-07      1.3800000e-04
      2.1800000e-07      1.8300000e-04
      2.1820000e-07      2.1900000e-04
      2.1850000e-07      1.7700000e-04
      2.1880000e-07      1.4400000e-04
      2.1900000e-07      1.7000000e-04
      2.1930000e-07      1.7000000e-04
      2.1960000e-07      2.2400000e-04
      2.1980000e-07      2.2600000e-04
      2.2010000e-07      1.8100000e-04
      2.2040000e-07      2.4400000e-04
      2.2060000e-07      1.7200000e-04
      2.2090000e-07      1.7300000e-04
      2.2120000e-07      8.5600000e-05
      2.2140000e-07      1.6300000e-04
      2.2170000e-07      1.7400000e-04
      2.2200000e-07      1.9200000e-04
      2.2220000e-07      1.9900000e-04
      2.2250000e-07      2.0000000e-04
      2.2280000e-07      1.5600000e-04
      2.2300000e-07      1.7400000e-04
      2.2330000e-07      1.9500000e-04
      2.2360000e-07      2.0800000e-04
      2.2380000e-07      2.2700000e-04
      2.2410000e-07      2.3200000e-04
      2.2440000e-07      1.9100000e-04
      2.2460000e-07      1.8200000e-04
      2.2490000e-07      1.5400000e-04
      2.2520000e-07      1.5100000e-04
      2.2540000e-07      1.1700000e-04
      2.2570000e-07      1.4700000e-04
      2.2600000e-07      1.7800000e-04
      2.2630000e-07      2.0000000e-04
      2.2650000e-07      1.6900000e-04
      2.2680000e-07      1.3500000e-04
      2.2710000e-07      1.3600000e-04
      2.2730000e-07      1.6000000e-04
      2.2760000e-07      1.1500000e-04
      2.2790000e-07      1.2700000e-04
      2.2810000e-07      2.0600000e-04
      2.2840000e-07      1.9500000e-04
      2.2870000e-07      2.1300000e-04
      2.2890000e-07      1.7600000e-04
      2.2920000e-07      1.6900000e-04
      2.2950000e-07      1.7500000e-04
      2.2970000e-07      1.4300000e-04
      2.3000000e-07      1.1000000e-04
      2.3030000e-07      1.6000000e-04
      2.3050000e-07      1.8600000e-04
      2.3080000e-07      2.1000000e-04
      2.3110000e-07      1.9200000e-04
      2.3130000e-07      1.3700000e-04
      2.3160000e-07      1.9800000e-04
      2.3190000e-07      1.9100000e-04
      2.3210000e-07      1.4200000e-04
      2.3240000e-07      1.9300000e-04
      2.3270000e-07      1.4700000e-04
      2.3290000e-07      1.5200000e-04
      2.3320000e-07      1.3500000e-04
      2.3350000e-07      9.4800000e-05
      2.3370000e-07      1.3800000e-04
      2.3400000e-07      8.1100000e-05
      2.3430000e-07      1.0200000e-04
      2.3450000e-07      9.7200000e-06
      2.3480000e-07      3.1500000e-05
      2.3510000e-07      1.1500000e-04
      2.3530000e-07      1.5100000e-04
      2.3560000e-07      1.4300000e-04
      2.3590000e-07      1.4900000e-04
      2.3610000e-07      7.3400000e-05
      2.3640000e-07      1.3100000e-04
      2.3670000e-07      8.2800000e-05
      2.3690000e-07      1.1900000e-04
      2.3720000e-07      1.5100000e-04
      2.3750000e-07      1.1800000e-04
      2.3770000e-07      1.4400000e-04
      2.3800000e-07      1.0800000e-04
      2.3830000e-07      3.1700000e-05
      2.3850000e-07      9.4800000e-05
      2.3880000e-07      1.0900000e-04
      2.3910000e-07      1.1200000e-04
      2.3930000e-07      1.5100000e-04
      2.3960000e-07      3.1700000e-05
      2.3990000e-07      9.3300000e-05
      2.4010000e-07      1.0600000e-04
      2.4040000e-07      1.0800000e-04
      2.4070000e-07      4.6200000e-05
      2.4090000e-07      1.0900000e-04
      2.4120000e-07      6.2300000e-05
      2.4150000e-07      9.8900000e-05
      2.4170000e-07      1.3600000e-04
      2.4200000e-07      1.6900000e-04
      2.4230000e-07      2.0600000e-04
      2.4250000e-07      1.7100000e-04
      2.4280000e-07      1.9600000e-04
      2.4310000e-07      1.7900000e-04
      2.4330000e-07      1.7700000e-04
      2.4360000e-07      1.5400000e-04
      2.4390000e-07      1.7300000e-04
      2.4410000e-07      1.6600000e-04
      2.4440000e-07      1.9500000e-04
      2.4470000e-07      1.5200000e-04
      2.4490000e-07      1.5800000e-04
      2.4520000e-07      1.4600000e-04
      2.4550000e-07      1.4600000e-04
      2.4570000e-07      1.6600000e-04
      2.4600000e-07      1.6500000e-04
      2.4630000e-07      1.3100000e-04
      2.4650000e-07      1.3400000e-04
      2.4680000e-07      1.3000000e-04
      2.4710000e-07      1.3900000e-04
      2.4730000e-07      1.5800000e-04
      2.4760000e-07      1.7500000e-04
      2.4790000e-07      1.5200000e-04
      2.4810000e-07      1.6200000e-04
      2.4840000e-07      1.1100000e-04
      2.4870000e-07      1.6900000e-04
      2.4890000e-07      1.2000000e-04
      2.4920000e-07      1.0800000e-04
      2.4950000e-07      1.6300000e-04
      2.4970000e-07      1.8900000e-04
      2.5000000e-07      2.0200000e-04
      2.5030000e-07      1.8400000e-04
      2.5050000e-07      1.9500000e-04
      2.5080000e-07      1.5500000e-04
      2.5110000e-07      1.8800000e-04
      2.5130000e-07      1.4500000e-04
      2.5160000e-07      1.0400000e-04
      2.5190000e-07      1.1000000e-04
      2.5210000e-07      1.2600000e-04
      2.5240000e-07      8.9700000e-05
      2.5270000e-07      1.0300000e-04
      2.5290000e-07      9.1700000e-05
      2.5320000e-07      1.3400000e-04
      2.5350000e-07      1.2800000e-04
      2.5370000e-07      1.1700000e-04
      2.5400000e-07      1.2100000e-04
      2.5430000e-07      1.1100000e-04
      2.5450000e-07      1.2800000e-04
      2.5480000e-07      1.1500000e-04
      2.5510000e-07      1.0700000e-04
      2.5530000e-07      1.7700000e-04
      2.5560000e-07      1.8700000e-04
      2.5590000e-07      1.8300000e-04
      2.5610000e-07      1.8900000e-04
      2.5640000e-07      1.4500000e-04
      2.5670000e-07      1.9100000e-04
      2.5690000e-07      2.2700000e-04
      2.5720000e-07      2.3700000e-04
      2.5750000e-07      2.2000000e-04
      2.5770000e-07      1.7000000e-04
      2.5800000e-07      2.2900000e-04
      2.5830000e-07      2.0800000e-04
      2.5850000e-07      1.9300000e-04
      2.5880000e-07      2.0300000e-04
      2.5910000e-07      2.5800000e-04
      2.5940000e-07      1.9500000e-04
      2.5960000e-07      2.1600000e-04
      2.5990000e-07      1.2200000e-04
      2.6020000e-07      1.5500000e-04
      2.6040000e-07      2.1400000e-04
      2.6070000e-07      1.0500000e-04
      2.6100000e-07      1.5700000e-04
      2.6120000e-07      1.1000000e-04
      2.6150000e-07      1.5100000e-04
      2.6180000e-07      1.8800000e-04
      2.6200000e-07      2.0400000e-04
      2.6230000e-07      2.1600000e-04
      2.6260000e-07      1.9500000e-04
      2.6280000e-07      1.6600000e-04
      2.6310000e-07      1.4000000e-04
      2.6340000e-07      1.7400000e-04
      2.6360000e-07      2.9300000e-04
      2.6390000e-07      3.0900000e-04
      2.6420000e-07      3.2600000e-04
      2.6440000e-07      3.7900000e-04
      2.6470000e-07      3.4200000e-04
      2.6500000e-07      3.3500000e-04
      2.6520000e-07      3.3700000e-04
      2.6550000e-07      3.5300000e-04
      2.6580000e-07      3.5600000e-04
      2.6600000e-07      3.2100000e-04
      2.6630000e-07      3.0100000e-04
      2.6660000e-07      2.8400000e-04
      2.6680000e-07      2.7000000e-04
      2.6710000e-07      2.8100000e-04
      2.6740000e-07      2.7200000e-04
      2.6760000e-07      3.2600000e-04
      2.6790000e-07      2.7900000e-04
      2.6820000e-07      3.0100000e-04
      2.6840000e-07      3.1000000e-04
      2.6870000e-07      3.0000000e-04
      2.6900000e-07      2.8200000e-04
      2.6920000e-07      3.0100000e-04
      2.6950000e-07      3.0000000e-04
      2.6980000e-07      2.9300000e-04
      2.7000000e-07      2.9600000e-04
      2.7030000e-07      3.0000000e-04
      2.7060000e-07      3.1900000e-04
      2.7080000e-07      2.9700000e-04
      2.7110000e-07      2.8900000e-04
      2.7140000e-07      2.9200000e-04
      2.7160000e-07      2.7900000e-04
      2.7190000e-07      2.8400000e-04
      2.7220000e-07      3.0000000e-04
      2.7240000e-07      2.8100000e-04
      2.7270000e-07      2.6300000e-04
      2.7300000e-07      2.8800000e-04
      2.7320000e-07      3.0200000e-04
      2.7350000e-07      2.7600000e-04
      2.7380000e-07      2.4800000e-04
      2.7400000e-07      2.1400000e-04
      2.7430000e-07      2.0100000e-04
      2.7460000e-07      2.0700000e-04
      2.7480000e-07      1.7500000e-04
      2.7510000e-07      1.7500000e-04
      2.7540000e-07      2.4600000e-04
      2.7560000e-07      1.8900000e-04
      2.7590000e-07      2.7500000e-04
      2.7620000e-07      2.7200000e-04
      2.7640000e-07      2.7100000e-04
      2.7670000e-07      2.8900000e-04
      2.7700000e-07      2.6600000e-04
      2.7720000e-07      3.0500000e-04
      2.7750000e-07      3.0800000e-04
      2.7780000e-07      2.7300000e-04
      2.7800000e-07      2.3500000e-04
      2.7830000e-07      2.4400000e-04
      2.7860000e-07      2.4200000e-04
      2.7880000e-07      2.3400000e-04
      2.7910000e-07      1.4500000e-04
      2.7940000e-07      8.3200000e-05
      2.7960000e-07      5.1700000e-05
      2.7990000e-07      6.4400000e-05
      2.8020000e-07      7.4600000e-05
      2.8040000e-07      7.9800000e-05
      2.8070000e-07      1.4900000e-04
      2.8100000e-07      2.2200000e-04
      2.8120000e-07      2.4600000e-04
      2.8150000e-07      2.9200000e-04
      2.8180000e-07      3.0800000e-04
      2.8200000e-07      3.3800000e-04
      2.8230000e-07      3.4300000e-04
      2.8260000e-07      3.5900000e-04
      2.8280000e-07      3.6100000e-04
      2.8310000e-07      3.5700000e-04
      2.8340000e-07      3.4600000e-04
      2.8360000e-07      3.0700000e-04
      2.8390000e-07      3.3500000e-04
      2.8420000e-07      2.9900000e-04
      2.8440000e-07      3.0600000e-04
      2.8470000e-07      3.0100000e-04
      2.8500000e-07      2.6700000e-04
      2.8520000e-07      1.8900000e-04
      2.8550000e-07      2.6200000e-04
      2.8580000e-07      2.9200000e-04
      2.8600000e-07      3.4800000e-04
      2.8630000e-07      3.4300000e-04
      2.8660000e-07      3.4000000e-04
      2.8680000e-07      3.0900000e-04
      2.8710000e-07      3.1500000e-04
      2.8740000e-07      3.4700000e-04
      2.8760000e-07      3.4200000e-04
      2.8790000e-07      3.2200000e-04
      2.8820000e-07      2.8300000e-04
      2.8840000e-07      3.3200000e-04
      2.8870000e-07      3.5100000e-04
      2.8900000e-07      3.1700000e-04
      2.8920000e-07      3.2000000e-04
      2.8950000e-07      3.2800000e-04
      2.8980000e-07      3.7700000e-04
      2.9000000e-07      4.0700000e-04
      2.9030000e-07      4.1600000e-04
      2.9100000e-07      4.3600000e-04
      2.9300000e-07      4.0100000e-04
      2.9500000e-07      3.9600000e-04
      2.9700000e-07      4.2600000e-04
      2.9900000e-07      4.3500000e-04
      3.0100000e-07      4.5800000e-04
      3.0300000e-07      4.5000000e-04
      3.0500000e-07      4.6400000e-04
      3.0700000e-07      4.6900000e-04
      3.0900000e-07      4.7800000e-04
      3.1100000e-07      4.7500000e-04
      3.1300000e-07      4.7100000e-04
      3.1500000e-07      4.6800000e-04
      3.1700000e-07      4.8600000e-04
      3.1900000e-07      4.3800000e-04
      3.2100000e-07      4.7500000e-04
      3.2300000e-07      4.2100000e-04
      3.2500000e-07      4.8300000e-04
      3.2700000e-07      5.2300000e-04
      3.2900000e-07      5.1300000e-04
      3.3100000e-07      5.2800000e-04
      3.3300000e-07      5.2300000e-04
      3.3500000e-07      5.2300000e-04
      3.3700000e-07      4.8100000e-04
      3.3900000e-07      5.0500000e-04
      3.4100000e-07      5.0200000e-04
      3.4300000e-07      5.0400000e-04
      3.4500000e-07      5.1800000e-04
      3.4700000e-07      5.1800000e-04
      3.4900000e-07      5.3300000e-04
      3.5100000e-07      5.4400000e-04
      3.5300000e-07      5.2300000e-04
      3.5500000e-07      5.7400000e-04
      3.5700000e-07      5.1300000e-04
      3.5900000e-07      5.0300000e-04
      3.6100000e-07      5.1800000e-04
      3.6300000e-07      5.1800000e-04
      3.6400000e-07      5.2800000e-04
      3.6500000e-07      5.7400000e-04
      3.6700000e-07      5.5400000e-04
      3.6900000e-07      5.1800000e-04
      3.7100000e-07      5.5900000e-04
      3.7300000e-07      5.2800000e-04
      3.7500000e-07      5.8500000e-04
      3.7700000e-07      6.3100000e-04
      3.7900000e-07      6.8700000e-04
      3.8100000e-07      7.4400000e-04
      3.8300000e-07      5.7900000e-04
      3.8500000e-07      7.6400000e-04
      3.8700000e-07      7.9500000e-04
      3.8900000e-07      6.5600000e-04
      3.9100000e-07      7.7900000e-04
      3.9300000e-07      4.6000000e-04
      3.9500000e-07      6.8700000e-04
      3.9700000e-07      4.7800000e-04
      3.9900000e-07      8.2100000e-04
      4.0100000e-07      8.6700000e-04
      4.0300000e-07      8.7700000e-04
      4.0500000e-07      8.6200000e-04
      4.0700000e-07      8.4600000e-04
      4.0900000e-07      8.3600000e-04
      4.1100000e-07      7.4400000e-04
      4.1300000e-07      8.7200000e-04
      4.1500000e-07      8.9700000e-04
      4.1700000e-07      8.9200000e-04
      4.1900000e-07      8.8200000e-04
      4.2100000e-07      8.7700000e-04
      4.2300000e-07      8.5100000e-04
      4.2500000e-07      8.6700000e-04
      4.2700000e-07      8.4100000e-04
      4.2900000e-07      8.2100000e-04
      4.3100000e-07      7.4900000e-04
      4.3300000e-07      7.9000000e-04
      4.3500000e-07      7.2300000e-04
      4.3700000e-07      8.7700000e-04
      4.3900000e-07      8.4600000e-04
      4.4100000e-07      8.5600000e-04
      4.4300000e-07      8.5100000e-04
      4.4500000e-07      8.5100000e-04
      4.4700000e-07      8.6700000e-04
      4.4900000e-07      8.5600000e-04
      4.5100000e-07      9.0800000e-04
      4.5300000e-07      8.5100000e-04
      4.5500000e-07      8.5600000e-04
      4.5700000e-07      8.9200000e-04
      4.5900000e-07      8.5100000e-04
      4.6100000e-07      8.6700000e-04
      4.6300000e-07      8.5100000e-04
      4.6500000e-07      8.5600000e-04
      4.6700000e-07      8.6700000e-04
      4.6900000e-07      8.5100000e-04
      4.7100000e-07      8.1500000e-04
      4.7300000e-07      8.5100000e-04
      4.7500000e-07      8.5600000e-04
      4.7700000e-07      8.4600000e-04
      4.7900000e-07      8.4100000e-04
      4.8100000e-07      8.3100000e-04
      4.8300000e-07      8.3100000e-04
      4.8500000e-07      7.4900000e-04
      4.8700000e-07      6.4100000e-04
      4.8900000e-07      7.9000000e-04
      4.9100000e-07      7.9500000e-04
      4.9300000e-07      7.8500000e-04
      4.9500000e-07      8.0000000e-04
      4.9700000e-07      8.1000000e-04
      4.9900000e-07      7.6400000e-04
      5.0100000e-07      7.4400000e-04
      5.0300000e-07      7.7400000e-04
      5.0500000e-07      7.6900000e-04
      5.0700000e-07      7.8500000e-04
      5.0900000e-07      7.6900000e-04
      5.1100000e-07      7.7400000e-04
      5.1300000e-07      7.5400000e-04
      5.1500000e-07      7.3800000e-04
      5.1700000e-07      7.1300000e-04
      5.1900000e-07      7.0800000e-04
      5.2100000e-07      7.2800000e-04
      5.2300000e-07      7.3300000e-04
      5.2500000e-07      7.4400000e-04
      5.2700000e-07      6.8700000e-04
      5.2900000e-07      7.2800000e-04
      5.3100000e-07      7.3300000e-04
      5.3300000e-07      6.9700000e-04
      5.3500000e-07      7.2300000e-04
      5.3700000e-07      7.1800000e-04
      5.3900000e-07      7.1300000e-04
      5.4100000e-07      6.9200000e-04
      5.4300000e-07      7.0300000e-04
      5.4500000e-07      7.0800000e-04
      5.4700000e-07      6.9700000e-04
      5.4900000e-07      7.0300000e-04
      5.5100000e-07      6.9700000e-04
      5.5300000e-07      6.9200000e-04
      5.5500000e-07      6.9200000e-04
      5.5700000e-07      6.7700000e-04
      5.5900000e-07      6.7200000e-04
      5.6100000e-07      6.7700000e-04
      5.6300000e-07      6.7700000e-04
      5.6500000e-07      6.7700000e-04
      5.6700000e-07      6.6200000e-04
      5.6900000e-07      6.6700000e-04
      5.7100000e-07      6.5600000e-04
      5.7300000e-07      6.7700000e-04
      5.7500000e-07      6.6200000e-04
      5.7700000e-07      6.6200000e-04
      5.7900000e-07      6.5100000e-04
      5.8100000e-07      6.5600000e-04
      5.8300000e-07      6.5600000e-04
      5.8500000e-07      6.4600000e-04
      5.8700000e-07      6.4100000e-04
      5.8900000e-07      6.2600000e-04
      5.9100000e-07      6.3600000e-04
      5.9300000e-07      6.3100000e-04
      5.9500000e-07      6.3100000e-04
      5.9700000e-07      6.2600000e-04
      5.9900000e-07      6.2100000e-04
      6.0100000e-07      6.1000000e-04
      6.0300000e-07      6.1000000e-04
      6.0500000e-07      6.1500000e-04
      6.0700000e-07      6.1000000e-04
      6.0900000e-07      6.0000000e-04
      6.1100000e-07      5.9500000e-04
      6.1300000e-07      5.7900000e-04
      6.1500000e-07      5.7900000e-04
      6.1700000e-07      5.7400000e-04
      6.1900000e-07      5.8500000e-04
      6.2100000e-07      5.8500000e-04
      6.2300000e-07      5.7400000e-04
      6.2500000e-07      5.5900000e-04
      6.2700000e-07      5.7400000e-04
      6.2900000e-07      5.6900000e-04
      6.3100000e-07      5.5900000e-04
      6.3300000e-07      5.5900000e-04
      6.3500000e-07      5.5400000e-04
      6.3700000e-07      5.5400000e-04
      6.3900000e-07      5.5400000e-04
      6.4100000e-07      5.3800000e-04
      6.4300000e-07      5.3800000e-04
      6.4500000e-07      5.3300000e-04
      6.4700000e-07      5.3300000e-04
      6.4900000e-07      5.2300000e-04
      6.5100000e-07      5.2800000e-04
      6.5300000e-07      5.1800000e-04
      6.5500000e-07      4.7900000e-04
      6.5700000e-07      3.9700000e-04
      6.5900000e-07      5.0000000e-04
      6.6100000e-07      5.1300000e-04
      6.6300000e-07      5.1300000e-04
      6.6500000e-07      5.1100000e-04
      6.6700000e-07      5.0600000e-04
      6.6900000e-07      5.0800000e-04
      6.7100000e-07      5.0200000e-04
      6.7300000e-07      5.0200000e-04
      6.7500000e-07      4.9600000e-04
      6.7700000e-07      4.9500000e-04
      6.7900000e-07      4.9200000e-04
      6.8100000e-07      4.8800000e-04
      6.8300000e-07      4.8600000e-04
      6.8500000e-07      4.7900000e-04
      6.8700000e-07      4.8100000e-04
      6.8900000e-07      4.7800000e-04
      6.9100000e-07      4.7500000e-04
      6.9300000e-07      4.7200000e-04
      6.9500000e-07      4.7000000e-04
      6.9700000e-07      4.6700000e-04
      6.9900000e-07      4.6500000e-04
      7.0100000e-07      4.5500000e-04
      7.0300000e-07      4.5700000e-04
      7.0500000e-07      4.5600000e-04
      7.0700000e-07      4.5300000e-04
      7.0900000e-07      4.5000000e-04
      7.1100000e-07      4.4400000e-04
      7.1300000e-07      4.4200000e-04
      7.1500000e-07      4.3900000e-04
      7.1700000e-07      4.3600000e-04
      7.1900000e-07      4.3000000e-04
      7.2100000e-07      4.3200000e-04
      7.2300000e-07      4.2900000e-04
      7.2500000e-07      4.2800000e-04
      7.2700000e-07      4.2700000e-04
      7.2900000e-07      4.1800000e-04
      7.3100000e-07      4.1900000e-04
      7.3300000e-07      4.1700000e-04
      7.3500000e-07      4.1700000e-04
      7.3700000e-07      4.1500000e-04
      7.3900000e-07      4.0800000e-04
      7.4100000e-07      4.0000000e-04
      7.4300000e-07      4.0300000e-04
      7.4500000e-07      4.0300000e-04
      7.4700000e-07      4.0100000e-04
      7.4900000e-07      3.9800000e-04
      7.5100000e-07      3.9600000e-04
      7.5300000e-07      3.9500000e-04
      7.5500000e-07      3.9500000e-04
      7.5700000e-07      3.9100000e-04
      7.5900000e-07      3.8900000e-04
      7.6100000e-07      3.8600000e-04
      7.6300000e-07      3.8500000e-04
      7.6500000e-07      3.8200000e-04
      7.6700000e-07      3.7500000e-04
      7.6900000e-07      3.7700000e-04
      7.7100000e-07      3.7300000e-04
      7.7300000e-07      3.7300000e-04
      7.7500000e-07      3.6900000e-04
      7.7700000e-07      3.6500000e-04
      7.7900000e-07      3.6900000e-04
      7.8100000e-07      3.6600000e-04
      7.8300000e-07      3.6200000e-04
      7.8500000e-07      3.5800000e-04
      7.8700000e-07      3.5900000e-04
      7.8900000e-07      3.5700000e-04
      7.9100000e-07      3.5400000e-04
      7.9300000e-07      3.4900000e-04
      7.9500000e-07      3.4800000e-04
      7.9700000e-07      3.5000000e-04
      7.9900000e-07      3.4800000e-04
      8.0100000e-07      3.4400000e-04
      8.0300000e-07      3.4300000e-04
      8.0500000e-07      3.4000000e-04
      8.0700000e-07      3.4000000e-04
      8.0900000e-07      3.3600000e-04
      8.1100000e-07      3.3600000e-04
      8.1300000e-07      3.3500000e-04
      8.1500000e-07      3.3300000e-04
      8.1700000e-07      3.3100000e-04
      8.1900000e-07      3.2300000e-04
      8.2100000e-07      3.2300000e-04
      8.2300000e-07      3.2100000e-04
      8.2500000e-07      3.2100000e-04
      8.2700000e-07      3.2200000e-04
      8.2900000e-07      3.2000000e-04
      8.3100000e-07      3.1600000e-04
      8.3300000e-07      3.1100000e-04
      8.3500000e-07      3.1300000e-04
      8.3700000e-07      3.1200000e-04
      8.3900000e-07      3.0700000e-04
      8.4100000e-07      3.0800000e-04
      8.4300000e-07      3.0400000e-04
      8.4500000e-07      3.0100000e-04
      8.4700000e-07      2.9800000e-04
      8.4900000e-07      2.9900000e-04
      8.5100000e-07      2.8600000e-04
      8.5300000e-07      2.9800000e-04
      8.5500000e-07      2.7500000e-04
      8.5700000e-07      2.9800000e-04
      8.5900000e-07      2.8800000e-04
      8.6100000e-07      2.8500000e-04
      8.6300000e-07      2.9300000e-04
      8.6500000e-07      2.8900000e-04
      8.6700000e-07      2.6000000e-04
      8.6900000e-07      2.8300000e-04
      8.7100000e-07      2.8700000e-04
      8.7300000e-07      2.8300000e-04
      8.7500000e-07      2.6300000e-04
      8.7700000e-07      2.7900000e-04
      8.7900000e-07      2.8200000e-04
      8.8100000e-07      2.7800000e-04
      8.8300000e-07      2.7600000e-04
      8.8500000e-07      2.6900000e-04
      8.8700000e-07      2.5100000e-04
      8.8900000e-07      2.7300000e-04
      8.9100000e-07      2.7300000e-04
      8.9300000e-07      2.7000000e-04
      8.9500000e-07      2.7100000e-04
      8.9700000e-07      2.6900000e-04
      8.9900000e-07      2.6600000e-04
      9.0100000e-07      2.4100000e-04
      9.0300000e-07      2.5400000e-04
      9.0500000e-07      2.6400000e-04
      9.0700000e-07      2.5800000e-04
      9.0900000e-07      2.5300000e-04
      9.1100000e-07      2.5700000e-04
      9.1300000e-07      2.5900000e-04
      9.1500000e-07      2.5800000e-04
      9.1700000e-07      2.5600000e-04
      9.1900000e-07      2.5500000e-04
      9.2100000e-07      2.4700000e-04
      9.2300000e-07      2.2200000e-04
      9.2500000e-07      2.4200000e-04
      9.2700000e-07      2.4600000e-04
      9.2900000e-07      2.4900000e-04
      9.3100000e-07      2.4800000e-04
      9.3300000e-07      2.4600000e-04
      9.3500000e-07      2.4500000e-04
      9.3700000e-07      2.4400000e-04
      9.3900000e-07      2.4300000e-04
      9.4100000e-07      2.3300000e-04
      9.4300000e-07      2.3900000e-04
      9.4500000e-07      2.3700000e-04
      9.4700000e-07      2.3700000e-04
      9.4900000e-07      2.3600000e-04
      9.5100000e-07      2.3400000e-04
      9.5300000e-07      2.2800000e-04
      9.5500000e-07      2.0400000e-04
      9.5700000e-07      2.2600000e-04
      9.5900000e-07      2.2900000e-04
      9.6100000e-07      2.2700000e-04
      9.6300000e-07      2.2500000e-04
      9.6500000e-07      2.2500000e-04
      9.6700000e-07      2.2300000e-04
      9.6900000e-07      2.2300000e-04
      9.7100000e-07      2.2400000e-04
      9.7300000e-07      2.2300000e-04
      9.7500000e-07      2.1900000e-04
      9.7700000e-07      2.1900000e-04
      9.7900000e-07      2.1800000e-04
      9.8100000e-07      2.1700000e-04
      9.8300000e-07      2.1600000e-04
      9.8500000e-07      2.1500000e-04
      9.8700000e-07      2.1300000e-04
      9.8900000e-07      2.1200000e-04
      9.9100000e-07      2.1100000e-04
      9.9300000e-07      2.1100000e-04
      9.9500000e-07      2.1000000e-04
      9.9700000e-07      2.0900000e-04
      9.9900000e-07      2.0800000e-04
      1.0025000e-06      2.0100000e-04
      1.0075000e-06      1.9300000e-04
      1.0125000e-06      2.0000000e-04
      1.0175000e-06      1.9700000e-04
      1.0225000e-06      1.9600000e-04
      1.0275000e-06      1.9400000e-04
      1.0325000e-06      1.9100000e-04
      1.0375000e-06      1.8900000e-04
      1.0425000e-06      1.8700000e-04
      1.0475000e-06      1.8300000e-04
      1.0525000e-06      1.8200000e-04
      1.0575000e-06      1.7900000e-04
      1.0625000e-06      1.7700000e-04
      1.0675000e-06      1.7200000e-04
      1.0725000e-06      1.7200000e-04
      1.0775000e-06      1.7000000e-04
      1.0825000e-06      1.6700000e-04
      1.0875000e-06      1.6500000e-04
      1.0925000e-06      1.5300000e-04
      1.0975000e-06      1.5800000e-04
      1.1025000e-06      1.6100000e-04
      1.1075000e-06      1.5900000e-04
      1.1125000e-06      1.5700000e-04
      1.1175000e-06      1.5500000e-04
      1.1225000e-06      1.5400000e-04
      1.1275000e-06      1.5000000e-04
      1.1325000e-06      1.4900000e-04
      1.1375000e-06      1.4800000e-04
      1.1425000e-06      1.4500000e-04
      1.1475000e-06      1.4500000e-04
      1.1525000e-06      1.4400000e-04
      1.1575000e-06      1.4200000e-04
      1.1625000e-06      1.3800000e-04
      1.1675000e-06      1.3600000e-04
      1.1725000e-06      1.3700000e-04
      1.1775000e-06      1.3300000e-04
      1.1825000e-06      1.3200000e-04
      1.1875000e-06      1.3000000e-04
      1.1925000e-06      1.3100000e-04
      1.1975000e-06      1.2800000e-04
      1.2025000e-06      1.2800000e-04
      1.2075000e-06      1.2600000e-04
      1.2125000e-06      1.2500000e-04
      1.2175000e-06      1.2400000e-04
      1.2225000e-06      1.2300000e-04
      1.2275000e-06      1.2100000e-04
      1.2325000e-06      1.2000000e-04
      1.2375000e-06      1.1800000e-04
      1.2425000e-06      1.1700000e-04
      1.2475000e-06      1.1600000e-04
      1.2525000e-06      1.1400000e-04
      1.2575000e-06      1.1300000e-04
      1.2625000e-06      1.1200000e-04
      1.2675000e-06      1.1100000e-04
      1.2725000e-06      1.1000000e-04
      1.2775000e-06      1.0700000e-04
      1.2825000e-06      9.6400000e-05
      1.2875000e-06      1.0500000e-04
      1.2925000e-06      1.0500000e-04
      1.2975000e-06      1.0400000e-04
      1.3025000e-06      1.0300000e-04
      1.3075000e-06      1.0200000e-04
      1.3125000e-06      1.0100000e-04
      1.3175000e-06      9.9500000e-05
      1.3225000e-06      9.9000000e-05
      1.3275000e-06      9.7400000e-05
      1.3325000e-06      9.6900000e-05
      1.3375000e-06      9.5900000e-05
      1.3425000e-06      9.4900000e-05
      1.3475000e-06      9.3800000e-05
      1.3525000e-06      9.2800000e-05
      1.3575000e-06      9.1300000e-05
      1.3625000e-06      9.0800000e-05
      1.3675000e-06      8.9700000e-05
      1.3725000e-06      8.8200000e-05
      1.3775000e-06      8.7700000e-05
      1.3825000e-06      8.7200000e-05
      1.3875000e-06      8.6700000e-05
      1.3925000e-06      8.5600000e-05
      1.3975000e-06      8.4600000e-05
      1.4025000e-06      8.3600000e-05
      1.4075000e-06      8.3100000e-05
      1.4125000e-06      8.1500000e-05
      1.4175000e-06      8.1500000e-05
      1.4225000e-06      8.0000000e-05
      1.4275000e-06      7.9000000e-05
      1.4325000e-06      7.9000000e-05
      1.4375000e-06      7.8500000e-05
      1.4425000e-06      7.5400000e-05
      1.4475000e-06      7.6400000e-05
      1.4525000e-06      7.4900000e-05
      1.4570000e-06      7.4900000e-05
      1.4620000e-06      7.4400000e-05
      1.4675000e-06      7.4400000e-05
      1.4725000e-06      7.3300000e-05
      1.4775000e-06      7.2300000e-05
      1.4825000e-06      7.1800000e-05
      1.4875000e-06      7.0300000e-05
      1.4925000e-06      7.0300000e-05
      1.4975000e-06      6.9200000e-05
      1.5025000e-06      6.7700000e-05
      1.5075000e-06      6.7200000e-05
      1.5125000e-06      6.7200000e-05
      1.5175000e-06      6.6700000e-05
      1.5225000e-06      6.5100000e-05
      1.5275000e-06      6.5100000e-05
      1.5325000e-06      6.4100000e-05
      1.5375000e-06      6.3600000e-05
      1.5425000e-06      6.2600000e-05
      1.5475000e-06      6.2600000e-05
      1.5525000e-06      6.1500000e-05
      1.5575000e-06      6.0500000e-05
      1.5625000e-06      6.1000000e-05
      1.5675000e-06      5.9500000e-05
      1.5725000e-06      5.8500000e-05
      1.5775000e-06      5.8500000e-05
      1.5825000e-06      5.7900000e-05
      1.5875000e-06      5.5400000e-05
      1.5925000e-06      5.6900000e-05
      1.5975000e-06      5.6900000e-05
      1.6050000e-06      5.5900000e-05
      1.6150000e-06      5.3800000e-05
      1.6250000e-06      5.4400000e-05
      1.6350000e-06      5.2300000e-05
      1.6450000e-06      5.0100000e-05
      1.6550000e-06      5.1200000e-05
      1.6650000e-06      5.0200000e-05
      1.6750000e-06      4.8000000e-05
      1.6850000e-06      4.5700000e-05
      1.6950000e-06      4.7200000e-05
      1.7050000e-06      4.6100000e-05
      1.7150000e-06      4.5300000e-05
      1.7250000e-06      4.3800000e-05
      1.7350000e-06      4.0400000e-05
      1.7450000e-06      4.1800000e-05
      1.7550000e-06      4.1500000e-05
      1.7650000e-06      4.0700000e-05
      1.7750000e-06      4.0000000e-05
      1.7850000e-06      3.9200000e-05
      1.7950000e-06      3.8600000e-05
      1.8050000e-06      3.7500000e-05
      1.8150000e-06      3.4600000e-05
      1.8250000e-06      3.5500000e-05
      1.8350000e-06      3.5500000e-05
      1.8450000e-06      3.4700000e-05
      1.8550000e-06      3.4100000e-05
      1.8650000e-06      3.3200000e-05
      1.8750000e-06      3.0200000e-05
      1.8850000e-06      3.1900000e-05
      1.8950000e-06      3.1200000e-05
      1.9050000e-06      3.1200000e-05
      1.9150000e-06      3.0500000e-05
      1.9250000e-06      2.9900000e-05
      1.9350000e-06      2.9100000e-05
      1.9450000e-06      2.6700000e-05
      1.9550000e-06      2.8200000e-05
      1.9650000e-06      2.7800000e-05
      1.9750000e-06      2.7200000e-05
      1.9850000e-06      2.6900000e-05
      1.9950000e-06      2.6400000e-05
      2.0050000e-06      2.5900000e-05
      2.0150000e-06      2.5500000e-05
      2.0250000e-06      2.5000000e-05
      2.0350000e-06      2.4500000e-05
      2.0450000e-06      2.4200000e-05
      2.0550000e-06      2.3800000e-05
      2.0650000e-06      2.3200000e-05
      2.0750000e-06      2.2900000e-05
      2.0850000e-06      2.2500000e-05
      2.0950000e-06      2.2100000e-05
      2.1050000e-06      2.1700000e-05
      2.1150000e-06      2.1300000e-05
      2.1250000e-06      2.1000000e-05
      2.1350000e-06      2.0700000e-05
      2.1450000e-06      2.0300000e-05
      2.1550000e-06      1.9900000e-05
      2.1650000e-06      1.8200000e-05
      2.1750000e-06      1.9100000e-05
      2.1850000e-06      1.8900000e-05
      2.1950000e-06      1.8700000e-05
      2.2050000e-06      1.8300000e-05
      2.2150000e-06      1.8100000e-05
      2.2250000e-06      1.7800000e-05
      2.2350000e-06      1.7500000e-05
      2.2450000e-06      1.7200000e-05
      2.2550000e-06      1.6900000e-05
      2.2650000e-06      1.6600000e-05
      2.2750000e-06      1.6400000e-05
      2.2850000e-06      1.6100000e-05
      2.2950000e-06      1.5900000e-05
      2.3050000e-06      1.5700000e-05
      2.3150000e-06      1.5400000e-05
      2.3250000e-06      1.5200000e-05
      2.3350000e-06      1.4900000e-05
      2.3450000e-06      1.4700000e-05
      2.3550000e-06      1.4500000e-05
      2.3650000e-06      1.4300000e-05
      2.3750000e-06      1.4000000e-05
      2.3850000e-06      1.3700000e-05
      2.3950000e-06      1.3500000e-05
      2.4050000e-06      1.3300000e-05
      2.4150000e-06      1.3100000e-05
      2.4250000e-06      1.2900000e-05
      2.4350000e-06      1.2700000e-05
      2.4450000e-06      1.2500000e-05
      2.4550000e-06      1.2300000e-05
      2.4650000e-06      1.2200000e-05
      2.4750000e-06      1.1900000e-05
      2.4850000e-06      1.1700000e-05
      2.4950000e-06      1.1500000e-05
      2.5050000e-06      1.1500000e-05
      2.5150000e-06      1.1300000e-05
      2.5250000e-06      1.1100000e-05
      2.5350000e-06      1.0900000e-05
      2.5450000e-06      1.0800000e-05
      2.5550000e-06      1.0600000e-05
      2.5650000e-06      1.0400000e-05
      2.5750000e-06      1.0300000e-05
      2.5850000e-06      1.0200000e-05
      2.5950000e-06      1.0100000e-05
      2.6050000e-06      9.8500000e-06
      2.6150000e-06      9.5900000e-06
      2.6250000e-06      8.9200000e-06
      2.6350000e-06      9.3800000e-06
      2.6450000e-06      9.3300000e-06
      2.6550000e-06      9.2300000e-06
      2.6650000e-06      9.0300000e-06
      2.6750000e-06      8.7700000e-06
      2.6850000e-06      8.8200000e-06
      2.6950000e-06      8.7700000e-06
      2.7050000e-06      8.6200000e-06
      2.7150000e-06      8.5100000e-06
      2.7250000e-06      8.4100000e-06
      2.7350000e-06      8.2600000e-06
      2.7450000e-06      8.1500000e-06
      2.7550000e-06      7.8500000e-06
      2.7650000e-06      7.8500000e-06
      2.7750000e-06      7.8500000e-06
      2.7850000e-06      7.7400000e-06
      2.7950000e-06      7.6400000e-06
      2.8050000e-06      7.5400000e-06
      2.8150000e-06      7.4400000e-06
      2.8250000e-06      7.3300000e-06
      2.8350000e-06      7.2300000e-06
      2.8450000e-06      7.1300000e-06
      2.8550000e-06      7.0300000e-06
      2.8650000e-06      6.8700000e-06
      2.8750000e-06      6.6200000e-06
      2.8850000e-06      6.7200000e-06
      2.8950000e-06      6.6700000e-06
      2.9050000e-06      6.6200000e-06
      2.9150000e-06      6.5100000e-06
      2.9250000e-06      6.4100000e-06
      2.9350000e-06      6.3600000e-06
      2.9450000e-06      6.2600000e-06
      2.9550000e-06      6.2100000e-06
      2.9650000e-06      6.1000000e-06
      2.9750000e-06      6.0500000e-06
      2.9850000e-06      5.9500000e-06
      2.9950000e-06      5.8500000e-06
      3.0050000e-06      5.7900000e-06
      3.0150000e-06      5.7400000e-06
      3.0250000e-06      5.6400000e-06
      3.0350000e-06      5.3800000e-06
      3.0450000e-06      5.3800000e-06
      3.0550000e-06      5.4400000e-06
      3.0650000e-06      5.3800000e-06
      3.0750000e-06      5.3300000e-06
      3.0850000e-06      5.2300000e-06
      3.0950000e-06      5.1800000e-06
      3.1050000e-06      5.1200000e-06
      3.1150000e-06      5.0300000e-06
      3.1250000e-06      4.9900000e-06
      3.1350000e-06      4.9400000e-06
      3.1450000e-06      4.8800000e-06
      3.1550000e-06      4.8100000e-06
      3.1650000e-06      4.7600000e-06
      3.1750000e-06      4.7000000e-06
      3.1850000e-06      4.6500000e-06
      3.1950000e-06      4.6000000e-06
      3.2100000e-06      4.5100000e-06
      3.2300000e-06      4.4100000e-06
      3.2500000e-06      4.3100000e-06
      3.2700000e-06      4.2000000e-06
      3.2900000e-06      3.9700000e-06
      3.3100000e-06      3.9900000e-06
      3.3300000e-06      3.9200000e-06
      3.3500000e-06      3.8400000e-06
      3.3700000e-06      3.7400000e-06
      3.3900000e-06      3.6600000e-06
      3.4100000e-06      3.5700000e-06
      3.4300000e-06      3.5000000e-06
      3.4500000e-06      3.4300000e-06
      3.4700000e-06      3.3500000e-06
      3.4900000e-06      3.2800000e-06
      3.5100000e-06      3.2100000e-06
      3.5300000e-06      3.1400000e-06
      3.5500000e-06      3.0700000e-06
      3.5700000e-06      3.0000000e-06
      3.5900000e-06      2.9400000e-06
      3.6100000e-06      2.8800000e-06
      3.6300000e-06      2.8200000e-06
      3.6500000e-06      2.7500000e-06
      3.6700000e-06      2.7000000e-06
      3.6900000e-06      2.6300000e-06
      3.7100000e-06      2.5800000e-06
      3.7300000e-06      2.5000000e-06
      3.7500000e-06      2.4200000e-06
      3.7700000e-06      2.4300000e-06
      3.7900000e-06      2.3800000e-06
      3.8100000e-06      2.3300000e-06
      3.8300000e-06      2.2900000e-06
      3.8500000e-06      2.2500000e-06
      3.8700000e-06      2.2000000e-06
      3.8900000e-06      2.1600000e-06
      3.9100000e-06      2.1100000e-06
      3.9300000e-06      2.0800000e-06
      3.9500000e-06      2.0400000e-06
      3.9700000e-06      2.0000000e-06
      3.9900000e-06      1.9500000e-06
      4.0100000e-06      1.9100000e-06
      4.0300000e-06      1.8700000e-06
      4.0500000e-06      1.7900000e-06
      4.0700000e-06      1.8100000e-06
      4.0900000e-06      1.7800000e-06
      4.1100000e-06      1.7500000e-06
      4.1300000e-06      1.7200000e-06
      4.1500000e-06      1.6800000e-06
      4.1700000e-06      1.6400000e-06
      4.1900000e-06      1.6200000e-06
      4.2100000e-06      1.5900000e-06
      4.2300000e-06      1.5600000e-06
      4.2500000e-06      1.5300000e-06
      4.2700000e-06      1.5100000e-06
      4.2900000e-06      1.4800000e-06
      4.3100000e-06      1.4600000e-06
      4.3300000e-06      1.4300000e-06
      4.3500000e-06      1.4000000e-06
      4.3700000e-06      1.3600000e-06
      4.3900000e-06      1.3500000e-06
      4.4100000e-06      1.3200000e-06
      4.4300000e-06      1.3000000e-06
      4.4500000e-06      1.2800000e-06
      4.4700000e-06      1.2600000e-06
      4.4900000e-06      1.2400000e-06
      4.5100000e-06      1.2200000e-06
      4.5300000e-06      1.1900000e-06
      4.5500000e-06      1.1700000e-06
      4.5700000e-06      1.1500000e-06
      4.5900000e-06      1.1300000e-06
      4.6100000e-06      1.1200000e-06
      4.6300000e-06      1.1000000e-06
      4.6500000e-06      1.0500000e-06
      4.6700000e-06      1.0400000e-06
      4.6900000e-06      1.0500000e-06
      4.7100000e-06      1.0300000e-06
      4.7300000e-06      1.0200000e-06
      4.7500000e-06      9.9500000e-07
      4.7700000e-06      9.7900000e-07
      4.7900000e-06      9.6400000e-07
      4.8100000e-06      9.4900000e-07
      4.8300000e-06      9.3300000e-07
      4.8500000e-06      9.1800000e-07
      4.8700000e-06      9.0300000e-07
      4.8900000e-06      8.9200000e-07
      4.9100000e-06      8.7700000e-07
      4.9300000e-06      8.6200000e-07
      4.9500000e-06      8.4600000e-07
      4.9700000e-06      8.3600000e-07
      4.9900000e-06      8.2100000e-07
      5.0100000e-06      8.1000000e-07
      5.0300000e-06      7.9500000e-07
      5.0500000e-06      7.8500000e-07
      5.0700000e-06      7.7400000e-07
      5.0900000e-06      7.5900000e-07
      5.1100000e-06      7.4900000e-07
      5.1300000e-06      7.2300000e-07
      5.1500000e-06      7.2800000e-07
      5.1700000e-06      7.1800000e-07
      5.1900000e-06      7.0800000e-07
      5.2100000e-06      6.9200000e-07
      5.2300000e-06      6.8200000e-07
      5.2500000e-06      6.7700000e-07
      5.2700000e-06      6.6700000e-07
      5.2900000e-06      6.5600000e-07
      5.3100000e-06      6.4600000e-07
      5.3300000e-06      6.3600000e-07
      5.3500000e-06      6.2600000e-07
      5.3700000e-06      6.1500000e-07
      5.3900000e-06      6.1000000e-07
      5.4100000e-06      6.0000000e-07
      5.4300000e-06      5.9000000e-07
      5.4500000e-06      5.8500000e-07
      5.4700000e-06      5.7400000e-07
      5.4900000e-06      5.6400000e-07
      5.5100000e-06      5.5900000e-07
      5.5300000e-06      5.4900000e-07
      5.5500000e-06      5.4400000e-07
      5.5700000e-06      5.3300000e-07
      5.5900000e-06      5.2800000e-07
      5.6100000e-06      5.2300000e-07
      5.6300000e-06      5.1300000e-07
      5.6500000e-06      5.0700000e-07
      5.6700000e-06      5.0000000e-07
      5.6900000e-06      4.9300000e-07
      5.7100000e-06      4.8600000e-07
      5.7300000e-06      4.8000000e-07
      5.7500000e-06      4.7300000e-07
      5.7700000e-06      4.6700000e-07
      5.7900000e-06      4.6100000e-07
      5.8100000e-06      4.5400000e-07
      5.8300000e-06      4.4800000e-07
      5.8500000e-06      4.4300000e-07
      5.8700000e-06      4.3600000e-07
      5.8900000e-06      4.2900000e-07
      5.9100000e-06      4.1500000e-07
      5.9300000e-06      4.1900000e-07
      5.9500000e-06      4.1300000e-07
      5.9700000e-06      4.0900000e-07
      5.9900000e-06      4.0300000e-07
      6.0100000e-06      3.9800000e-07
      6.0300000e-06      3.9300000e-07
      6.0500000e-06      3.8800000e-07
      6.0700000e-06      3.8300000e-07
      6.0900000e-06      3.7800000e-07
      6.1100000e-06      3.7200000e-07
      6.1300000e-06      3.6800000e-07
      6.1500000e-06      3.6400000e-07
      6.1700000e-06      3.5900000e-07
      6.1900000e-06      3.5500000e-07
      6.2100000e-06      3.5000000e-07
      6.2300000e-06      3.4500000e-07
      6.2500000e-06      3.4200000e-07
      6.2700000e-06      3.3700000e-07
      6.2900000e-06      3.3300000e-07
      6.3100000e-06      3.2900000e-07
      6.3300000e-06      3.2500000e-07
      6.3500000e-06      3.2100000e-07
      6.3700000e-06      3.1700000e-07
      6.3900000e-06      3.1300000e-07
      6.4200000e-06      3.0700000e-07
      6.4600000e-06      3.0000000e-07
      6.5000000e-06      2.9300000e-07
      6.5400000e-06      2.8600000e-07
      6.5800000e-06      2.7900000e-07
      6.6200000e-06      2.7200000e-07
      6.6600000e-06      2.6600000e-07
      6.7000000e-06      2.6000000e-07
      6.7400000e-06      2.5400000e-07
      6.7800000e-06      2.4800000e-07
      6.8200000e-06      2.4300000e-07
      6.8600000e-06      2.3700000e-07
      6.9000000e-06      2.3100000e-07
      6.9400000e-06      2.2600000e-07
      6.9800000e-06      2.2200000e-07
      7.0200000e-06      2.1600000e-07
      7.0600000e-06      2.1200000e-07
      7.1000000e-06      2.0700000e-07
      7.1400000e-06      2.0300000e-07
      7.1800000e-06      1.9800000e-07
      7.2200000e-06      1.9400000e-07
      7.2600000e-06      1.9000000e-07
      7.3000000e-06      1.8600000e-07
      7.3400000e-06      1.8200000e-07
      7.3800000e-06      1.7800000e-07
      7.4200000e-06      1.7400000e-07
      7.4600000e-06      1.6800000e-07
      7.5000000e-06      1.6500000e-07
      7.5400000e-06      1.6300000e-07
      7.5800000e-06      1.6000000e-07
      7.6200000e-06      1.5700000e-07
      7.6600000e-06      1.5300000e-07
      7.7000000e-06      1.5000000e-07
      7.7400000e-06      1.4700000e-07
      7.7800000e-06      1.4500000e-07
      7.8200000e-06      1.4200000e-07
      7.8600000e-06      1.3900000e-07
      7.9000000e-06      1.3600000e-07
      7.9400000e-06      1.3300000e-07
      7.9800000e-06      1.3100000e-07
      8.0200000e-06      1.2800000e-07
      8.0600000e-06      1.2600000e-07
      8.1000000e-06      1.2300000e-07
      8.1400000e-06      1.2100000e-07
      8.1800000e-06      1.1800000e-07
      8.2200000e-06      1.1600000e-07
      8.2600000e-06      1.1400000e-07
      8.3000000e-06      1.1200000e-07
      8.3400000e-06      1.1000000e-07
      8.3800000e-06      1.0800000e-07
      8.4200000e-06      1.0600000e-07
      8.4600000e-06      1.0400000e-07
      8.5000000e-06      1.0200000e-07
      8.5400000e-06      1.0000000e-07
      8.5800000e-06      9.8500000e-08
      8.6200000e-06      9.6400000e-08
      8.6600000e-06      9.4900000e-08
      8.7000000e-06      9.2800000e-08
      8.7400000e-06      9.1300000e-08
      8.7800000e-06      8.9700000e-08
      8.8200000e-06      8.8200000e-08
      8.8600000e-06      8.6700000e-08
      8.9000000e-06      8.5100000e-08
      8.9400000e-06      8.3600000e-08
      8.9800000e-06      8.2100000e-08
      9.0200000e-06      8.0500000e-08
      9.0600000e-06      7.9500000e-08
      9.1000000e-06      7.7900000e-08
      9.1400000e-06      7.6400000e-08
      9.1800000e-06      7.5400000e-08
      9.2200000e-06      7.3800000e-08
      9.2600000e-06      7.2800000e-08
      9.3000000e-06      7.1300000e-08
      9.3400000e-06      7.0300000e-08
      9.3800000e-06      6.9200000e-08
      9.4200000e-06      6.8200000e-08
      9.4600000e-06      6.6700000e-08
      9.5000000e-06      6.5600000e-08
      9.5400000e-06      6.4600000e-08
      9.5800000e-06      6.3600000e-08
      9.6200000e-06      6.2600000e-08
      9.6600000e-06      6.1500000e-08
      9.7000000e-06      6.0500000e-08
      9.7400000e-06      5.9500000e-08
      9.7800000e-06      5.8500000e-08
      9.8200000e-06      5.7400000e-08
      9.8600000e-06      5.6900000e-08
      9.9000000e-06      5.5900000e-08
      9.9400000e-06      5.4900000e-08
      9.9800000e-06      5.4400000e-08
      1.0020000e-05      5.3300000e-08
      2.0000000e-05      3.4300000e-09
      4.0000000e-05      2.1400000e-10
      6.0000000e-05      4.2100000e-11
      8.0000000e-05      1.3200000e-11
      1.0000000e-04      5.3800000e-12
      1.2000000e-04      2.5800000e-12
      1.4000000e-04      1.3900000e-12
      1.6000000e-04      8.1000000e-13
*END
